1 1 1 2    1.279880E-07
1 1 2 2    5.510972E-08
1 1 3 2    2.369121E-08
1 1 4 2    8.761305E-09
1 1 5 2    2.598606E-09
1 1 6 2    5.145197E-10
1 1 7 2    1.057149E-10
1 1 8 2    2.456567E-11
1 1 9 2    6.070003E-12
1 1 10 2    9.064245E-13
1 2 1 2   -4.442834E-19
1 2 2 2   -4.444977E-19
1 2 3 2   -4.441775E-19
1 2 4 2   -4.440447E-19
1 2 5 2   -4.439959E-19
1 2 6 2   -4.439642E-19
1 2 7 2   -4.439728E-19
1 2 8 2   -4.439476E-19
1 2 9 2   -4.438830E-19
1 2 10 2   -4.437584E-19
1 3 1 2   -3.599287E-08
1 3 2 2   -1.093810E-08
1 3 3 2   -3.527463E-09
1 3 4 2   -9.883273E-10
1 3 5 2   -2.198694E-10
1 3 6 2   -2.767594E-11
1 3 7 2   -3.417878E-12
1 3 8 2   -5.508224E-13
1 3 9 2   -1.082461E-13
1 3 10 2   -1.461192E-14
 
2 1 1 2    2.263037E-20
2 1 2 2    2.237593E-20
2 1 3 2    2.230785E-20
2 1 4 2    2.225095E-20
2 1 5 2    2.215701E-20
2 1 6 2    2.216573E-20
2 1 7 2    2.218032E-20
2 1 8 2    2.226715E-20
2 1 9 2    2.221572E-20
2 1 10 2    2.202203E-20
2 2 1 2    1.307311E-07
2 2 2 2    5.560993E-08
2 2 3 2    2.369220E-08
2 2 4 2    8.641835E-09
2 2 5 2    2.507584E-09
2 2 6 2    5.082992E-10
2 2 7 2    1.095766E-10
2 2 8 2    2.616155E-11
2 2 9 2    6.491414E-12
2 2 10 2    9.653838E-13
2 3 1 2   -3.655670E-20
2 3 2 2   -3.567101E-20
2 3 3 2   -3.582864E-20
2 3 4 2   -3.594264E-20
2 3 5 2   -3.609281E-20
2 3 6 2   -3.621146E-20
2 3 7 2   -3.622730E-20
2 3 8 2   -3.617357E-20
2 3 9 2   -3.593060E-20
2 3 10 2   -3.521396E-20
 
3 1 1 2    3.601183E-08
3 1 2 2    1.096269E-08
3 1 3 2    3.538148E-09
3 1 4 2    9.864001E-10
3 1 5 2    2.189883E-10
3 1 6 2    2.846092E-11
3 1 7 2    3.358678E-12
3 1 8 2    5.676582E-13
3 1 9 2    1.367432E-13
3 1 10 2    3.499849E-14
3 2 1 2    5.373337E-19
3 2 2 2    5.367934E-19
3 2 3 2    5.365976E-19
3 2 4 2    5.364615E-19
3 2 5 2    5.363628E-19
3 2 6 2    5.363058E-19
3 2 7 2    5.362886E-19
3 2 8 2    5.362747E-19
3 2 9 2    5.359817E-19
3 2 10 2    5.351874E-19
3 3 1 2    2.573068E-07
3 3 2 2    1.098242E-07
3 3 3 2    4.687080E-08
3 3 4 2    1.727028E-08
3 3 5 2    5.184022E-09
3 3 6 2    1.037665E-09
3 3 7 2    2.135241E-10
3 3 8 2    6.550783E-11
3 3 9 2    2.425242E-11
3 3 10 2    8.123648E-12
 
