1 1 1 2    7.275242E-10
1 1 2 2    5.851025E-10
1 1 3 2    4.396538E-10
1 1 4 2    2.987120E-10
1 1 5 2    1.780836E-10
1 1 6 2    8.408035E-11
1 1 7 2    2.554974E-11
1 1 8 2    2.449874E-12
1 1 9 2    3.275141E-14
1 1 10 2    4.740666E-18
1 2 1 2    1.585919E-19
1 2 2 2    1.585934E-19
1 2 3 2    1.585947E-19
1 2 4 2    1.585971E-19
1 2 5 2    1.586034E-19
1 2 6 2    1.586158E-19
1 2 7 2    1.586199E-19
1 2 8 2    1.586225E-19
1 2 9 2    1.585340E-19
1 2 10 2    1.583140E-19
1 3 1 2   -6.113575E-10
1 3 2 2   -4.911849E-10
1 3 3 2   -3.683239E-10
1 3 4 2   -2.497253E-10
1 3 5 2   -1.486105E-10
1 3 6 2   -7.003557E-11
1 3 7 2   -2.124591E-11
1 3 8 2   -2.035113E-12
1 3 9 2   -2.719980E-14
1 3 10 2   -2.870870E-18
 
2 1 1 2   -7.747933E-19
2 1 2 2   -7.747914E-19
2 1 3 2   -7.747913E-19
2 1 4 2   -7.747910E-19
2 1 5 2   -7.747887E-19
2 1 6 2   -7.747744E-19
2 1 7 2   -7.747944E-19
2 1 8 2   -7.748486E-19
2 1 9 2   -7.747017E-19
2 1 10 2   -7.743079E-19
2 2 1 2    8.127570E-10
2 2 2 2    6.534152E-10
2 2 3 2    4.907666E-10
2 2 4 2    3.332900E-10
2 2 5 2    1.986130E-10
2 2 6 2    9.372791E-11
2 2 7 2    2.846762E-11
2 2 8 2    2.728771E-12
2 2 9 2    3.647640E-14
2 2 10 2    4.337070E-18
2 3 1 2    1.341483E-19
2 3 2 2    1.341484E-19
2 3 3 2    1.341487E-19
2 3 4 2    1.341514E-19
2 3 5 2    1.341517E-19
2 3 6 2    1.341350E-19
2 3 7 2    1.341399E-19
2 3 8 2    1.341307E-19
2 3 9 2    1.339891E-19
2 3 10 2    1.337886E-19
 
3 1 1 2    6.113575E-10
3 1 2 2    4.911849E-10
3 1 3 2    3.683239E-10
3 1 4 2    2.497253E-10
3 1 5 2    1.486105E-10
3 1 6 2    7.003557E-11
3 1 7 2    2.124591E-11
3 1 8 2    2.035113E-12
3 1 9 2    2.719973E-14
3 1 10 2    2.801117E-18
3 2 1 2   -1.323773E-19
3 2 2 2   -1.323704E-19
3 2 3 2   -1.323675E-19
3 2 4 2   -1.323655E-19
3 2 5 2   -1.323604E-19
3 2 6 2   -1.323540E-19
3 2 7 2   -1.323516E-19
3 2 8 2   -1.323533E-19
3 2 9 2   -1.324668E-19
3 2 10 2   -1.327665E-19
3 3 1 2    3.120347E-09
3 3 2 2    2.513071E-09
3 3 3 2    1.887919E-09
3 3 4 2    1.282365E-09
3 3 5 2    7.646928E-10
3 3 6 2    3.613038E-10
3 3 7 2    1.099125E-10
3 3 8 2    1.055034E-11
3 3 9 2    1.410715E-13
3 3 10 2    1.522427E-17
 
