1 1 1 1   -1.943194E-08
1 1 2 1   -2.809597E-09
1 1 3 1   -4.359297E-10
1 1 4 1   -1.012025E-10
1 1 5 1   -3.288354E-11
1 1 6 1   -9.880260E-12
1 1 7 1   -2.271813E-12
1 1 8 1   -3.586196E-13
1 1 9 1   -4.452642E-14
1 1 10 1   -2.297325E-15
1 2 1 1   -3.224001E-22
1 2 2 1   -3.444738E-23
1 2 3 1    2.394894E-24
1 2 4 1   -1.340937E-24
1 2 5 1   -9.105003E-25
1 2 6 1   -3.931757E-25
1 2 7 1   -1.874081E-25
1 2 8 1   -1.203470E-25
1 2 9 1   -1.358856E-25
1 2 10 1   -1.207167E-25
1 3 1 1    8.029934E-09
1 3 2 1    7.793773E-10
1 3 3 1    9.507040E-11
1 3 4 1    1.940259E-11
1 3 5 1    5.248170E-12
1 3 6 1    1.195121E-12
1 3 7 1    1.926887E-13
1 3 8 1    1.871129E-14
1 3 9 1    1.612694E-15
1 3 10 1    5.826047E-17
 
2 1 1 1    1.048451E-22
2 1 2 1   -3.327958E-23
2 1 3 1   -8.017469E-24
2 1 4 1    3.909721E-25
2 1 5 1   -1.448274E-25
2 1 6 1   -1.650372E-25
2 1 7 1   -2.433074E-25
2 1 8 1   -7.764706E-26
2 1 9 1   -1.936060E-25
2 1 10 1   -1.912855E-25
2 2 1 1   -2.025060E-08
2 2 2 1   -2.863663E-09
2 2 3 1   -4.408681E-10
2 2 4 1   -1.026629E-10
2 2 5 1   -3.331372E-11
2 2 6 1   -9.871710E-12
2 2 7 1   -2.262083E-12
2 2 8 1   -3.606247E-13
2 2 9 1   -4.214360E-14
2 2 10 1   -1.946990E-15
2 3 1 1   -1.050002E-22
2 3 2 1   -5.402986E-23
2 3 3 1   -2.720671E-23
2 3 4 1   -1.693135E-24
2 3 5 1   -1.231282E-24
2 3 6 1   -3.649741E-25
2 3 7 1   -7.496324E-26
2 3 8 1   -1.487478E-25
2 3 9 1   -1.477526E-25
2 3 10 1   -1.406207E-25
 
3 1 1 1   -8.024636E-09
3 1 2 1   -7.798409E-10
3 1 3 1   -9.534698E-11
3 1 4 1   -1.950447E-11
3 1 5 1   -5.262667E-12
3 1 6 1   -1.193078E-12
3 1 7 1   -1.912822E-13
3 1 8 1   -1.771546E-14
3 1 9 1   -1.438322E-15
3 1 10 1   -1.047409E-16
3 2 1 1   -1.483626E-22
3 2 2 1   -2.128842E-23
3 2 3 1   -3.130070E-24
3 2 4 1   -9.047288E-25
3 2 5 1   -2.820531E-25
3 2 6 1   -1.612614E-26
3 2 7 1    8.788794E-26
3 2 8 1    6.059873E-26
3 2 9 1    1.159697E-25
3 2 10 1    1.333829E-25
3 3 1 1   -3.960278E-08
3 3 2 1   -5.651626E-09
3 3 3 1   -8.712445E-10
3 3 4 1   -2.004138E-10
3 3 5 1   -6.440150E-11
3 3 6 1   -1.927175E-11
3 3 7 1   -4.362739E-12
3 3 8 1   -6.418756E-13
3 3 9 1   -9.181538E-14
3 3 10 1   -9.999902E-15
 
