 -6.494181E-15  1.372405E-12
  8.597865E-20 -2.316106E-23
  5.402183E-15 -1.144834E-12
 -3.014093E-14  2.956495E-12
  6.355923E-20 -1.075335E-23
  2.507190E-14 -2.466253E-12
 -1.398413E-13  6.367033E-12
 -1.269820E-20 -9.512577E-24
  1.163233E-13 -5.311269E-12
 -6.477861E-13  1.369184E-11
 -3.303548E-21  8.995589E-24
  5.388456E-13 -1.142158E-11
 -2.979068E-12  2.924590E-11
 -1.278022E-20  3.618915E-25
  2.478109E-12 -2.439746E-11
 -1.326177E-11  6.061410E-11
 -5.352701E-20  2.584939E-25
  1.103253E-11 -5.057347E-11
 -5.177541E-11  1.113546E-10
 -2.391308E-20  9.790458E-25
  4.308674E-11 -9.297306E-11
 -1.396500E-10  1.474031E-10
 -1.103610E-19  2.998530E-24
  1.163558E-10 -1.233643E-10
 -2.302533E-10  1.334326E-10
 -5.302900E-20 -1.011358E-24
  1.923303E-10 -1.121556E-10
 -2.917301E-10  1.058864E-10
  1.005718E-19 -6.932484E-24
  2.442387E-10 -8.929222E-11
 -3.252607E-19 -3.970467E-23
 -7.195254E-15  1.522101E-12
 -7.403029E-20  5.293956E-23
 -2.710505E-19 -5.955700E-23
 -3.339294E-14  3.278977E-12
 -4.537625E-19  2.117582E-22
  0.000000E+00 -1.985233E-23
 -1.549301E-13  7.061526E-12
 -1.937212E-19 -4.797648E-23
 -2.168404E-19 -9.098987E-24
 -7.176814E-13  1.518534E-11
  3.340904E-20 -2.316106E-23
  3.252607E-19 -9.512577E-24
 -3.300526E-12  3.243646E-11
  3.749344E-19  2.481542E-24
 -5.963112E-19 -8.271806E-25
 -1.469324E-11  6.723083E-11
  9.135671E-20  1.158053E-23
 -2.168404E-19 -6.617445E-24
 -5.737153E-11  1.235425E-10
  4.957291E-19  3.515518E-24
 -2.168404E-19  6.720842E-25
 -1.548163E-10  1.636826E-10
  2.537249E-19 -9.667673E-24
 -5.963112E-19  5.169879E-25
 -2.555023E-10  1.484033E-10
  2.596213E-19 -8.478601E-24
 -5.421011E-19 -3.024379E-24
 -3.239907E-10  1.178978E-10
 -1.756332E-19 -4.717514E-24
 -5.401228E-15  1.144834E-12
  1.348481E-19  2.117582E-22
 -2.793301E-14  5.883390E-12
 -2.507180E-14  2.466253E-12
 -5.691744E-19 -1.191140E-22
 -1.296409E-13  1.267425E-11
 -1.163232E-13  5.311269E-12
  3.282195E-20 -9.264423E-23
 -6.014826E-13  2.729489E-11
 -5.388455E-13  1.142158E-11
 -2.915088E-20  3.805031E-23
 -2.786232E-12  5.869514E-11
 -2.478109E-12  2.439746E-11
 -1.981476E-19  2.646978E-23
 -1.281318E-11  1.253681E-10
 -1.103253E-11  5.057347E-11
 -5.739444E-19 -2.481542E-24
 -5.703432E-11  2.597841E-10
 -4.308674E-11  9.297306E-11
  1.819329E-19  2.481542E-24
 -2.225743E-10  4.768573E-10
 -1.163558E-10  1.233643E-10
 -2.153611E-19 -8.375204E-24
 -5.994230E-10  6.294587E-10
 -1.923303E-10  1.121556E-10
 -3.273934E-19 -9.047288E-25
 -9.853222E-10  5.671044E-10
 -2.442387E-10  8.929222E-11
 -1.391466E-19 -8.788794E-25
 -1.245288E-09  4.487612E-10
