1 1 1 1   -2.275756E-11
1 1 2 1   -1.139924E-11
1 1 3 1   -5.291593E-12
1 1 4 1   -2.220901E-12
1 1 5 1   -8.532629E-13
1 1 6 1   -2.796085E-13
1 1 7 1   -7.080901E-14
1 1 8 1   -6.518293E-15
1 1 9 1   -8.698849E-17
1 1 10 1   -9.644286E-21
1 2 1 1    1.068307E-25
1 2 2 1    2.008775E-26
1 2 3 1    1.679072E-25
1 2 4 1    1.170291E-25
1 2 5 1   -4.892385E-26
1 2 6 1   -3.408357E-26
1 2 7 1   -5.085061E-26
1 2 8 1   -5.274971E-26
1 2 9 1    5.351632E-26
1 2 10 1    5.215115E-26
1 3 1 1    1.911964E-11
1 3 2 1    9.638355E-12
1 3 3 1    4.462907E-12
1 3 4 1    1.864995E-12
1 3 5 1    7.141666E-13
1 3 6 1    2.333959E-13
1 3 7 1    5.894129E-14
1 3 8 1    5.415677E-15
1 3 9 1    7.224771E-17
1 3 10 1    8.009016E-21
 
2 1 1 1    5.169879E-25
2 1 2 1    3.177842E-25
2 1 3 1    9.218825E-26
2 1 4 1   -2.584939E-26
2 1 5 1    7.525793E-26
2 1 6 1    9.379323E-26
2 1 7 1   -5.169879E-26
2 1 8 1    8.644813E-26
2 1 9 1    9.188322E-26
2 1 10 1    1.411377E-25
2 2 1 1   -2.545930E-11
2 2 2 1   -1.275233E-11
2 2 3 1   -5.915085E-12
2 2 4 1   -2.480451E-12
2 2 5 1   -9.523365E-13
2 2 6 1   -3.118696E-13
2 2 7 1   -7.891990E-14
2 2 8 1   -7.260765E-15
2 2 9 1   -9.688520E-17
2 2 10 1   -1.074123E-20
2 3 1 1    4.164176E-25
2 3 2 1    3.969206E-25
2 3 3 1   -5.402452E-26
2 3 4 1    6.058452E-28
2 3 5 1    9.748966E-26
2 3 6 1    7.590997E-26
2 3 7 1   -1.372643E-25
2 3 8 1   -1.675412E-25
2 3 9 1   -1.768214E-26
2 3 10 1    7.589221E-27
 
3 1 1 1   -1.911964E-11
3 1 2 1   -9.638355E-12
3 1 3 1   -4.462907E-12
3 1 4 1   -1.864995E-12
3 1 5 1   -7.141666E-13
3 1 6 1   -2.333959E-13
3 1 7 1   -5.894129E-14
3 1 8 1   -5.415677E-15
3 1 9 1   -7.224771E-17
3 1 10 1   -8.008984E-21
3 2 1 1    9.047288E-25
3 2 2 1    5.627969E-25
3 2 3 1    2.373915E-25
3 2 4 1    3.877409E-26
3 2 5 1   -5.693394E-26
3 2 6 1   -1.033976E-25
3 2 7 1    2.132575E-25
3 2 8 1    1.882586E-25
3 2 9 1    9.012029E-26
3 2 10 1    9.538426E-26
3 3 1 1   -9.608476E-11
3 3 2 1   -4.890237E-11
3 3 3 1   -2.275065E-11
3 3 4 1   -9.535572E-12
3 3 5 1   -3.660846E-12
3 3 6 1   -1.200270E-12
3 3 7 1   -3.043532E-13
3 3 8 1   -2.806479E-14
3 3 9 1   -3.747015E-16
3 3 10 1   -4.153840E-20
 
