
  0.00000000E+00  0.00000000E+00  1.00000000E+01  1.00000000E-05 -0  -0  -0  -1.440896E-09 -7.256400E-11  1.145469E-05 -2.291318E-10 -9.704366E-12  1.919375E-06
  0.00000000E+00  0.00000000E+00  1.00000000E+01  2.15443500E-05 -0  -0  -0  -5.169946E-10 -2.695965E-11  4.311809E-06 -2.688055E-11 -2.245987E-12  3.043658E-07
  0.00000000E+00  0.00000000E+00  1.00000000E+01  4.64158900E-05 -0  -0  -0  -3.088099E-10 -9.143352E-12  1.713555E-06 -5.992067E-12 -3.867651E-13  5.740920E-08
  0.00000000E+00  0.00000000E+00  1.00000000E+01  1.00000000E-04 -0  -0  -0  -3.411003E-10 -2.763327E-12  6.606235E-07  1.522120E-12 -4.232366E-14  1.043678E-08
  0.00000000E+00  0.00000000E+00  1.00000000E+01  2.15443500E-04 -0  -0  -0  -2.675548E-10 -1.183873E-12  2.424089E-07 -1.112396E-12 -8.180062E-15  2.042118E-09
  0.00000000E+00  0.00000000E+00  1.00000000E+01  4.64158900E-04 -0  -0  -0  -1.006928E-10 -4.213454E-13  7.229745E-08 -7.105447E-13 -1.758693E-15  3.257145E-10
  0.00000000E+00  0.00000000E+00  1.00000000E+01  1.00000000E-03 -0  -0  -0   4.341498E-11 -2.873494E-13  2.149792E-08 -9.500290E-14  3.352589E-16  4.261603E-11
  0.00000000E+00  0.00000000E+00  1.00000000E+01  2.15443500E-03 -0  -0  -0   2.886012E-11 -6.047464E-13  6.623861E-09  3.967106E-14  1.621617E-16  5.870909E-12
  0.00000000E+00  0.00000000E+00  1.00000000E+01  4.64158900E-03 -0  -0  -0   1.823702E-13 -5.262096E-13  1.968140E-09  1.914253E-15 -8.800263E-17  9.762706E-13
  0.00000000E+00  0.00000000E+00  1.00000000E+01  1.00000000E-02 -0  -0  -0   7.477725E-13 -2.359423E-13  3.270542E-10 -1.294057E-16 -4.818304E-17  1.250850E-13
