 -4.714864E-06  3.704247E-08
  2.262329E-19  1.075335E-21
 -1.403720E-05 -4.104086E-08
 -4.721160E-06  7.260351E-08
  2.206707E-20  2.944763E-21
 -1.403560E-05 -8.737733E-08
 -4.735421E-06  1.457105E-07
  5.636134E-20  3.093655E-21
 -1.403073E-05 -1.862035E-07
 -4.777875E-06  2.898762E-07
  2.707537E-19 -2.336785E-23
 -1.401312E-05 -3.953781E-07
 -4.901052E-06  5.446566E-07
 -1.592386E-19  1.870979E-21
 -1.394933E-05 -8.272331E-07
 -5.198950E-06  9.252027E-07
 -3.891852E-20  1.531962E-20
 -1.374217E-05 -1.677705E-06
 -5.808009E-06  1.375620E-06
  1.400114E-19  8.189734E-22
 -1.314552E-05 -3.241314E-06
 -6.859118E-06  1.642896E-06
  1.000549E-19  1.786927E-20
 -1.162212E-05 -5.814845E-06
 -8.217365E-06  1.206304E-06
  2.499065E-19 -1.446119E-20
 -8.308698E-06 -9.362183E-06
 -9.170550E-06 -4.227886E-07
  2.996928E-19 -2.331828E-20
 -2.420915E-06 -1.306864E-05
  1.626303E-19  8.470329E-22
  9.420514E-06  5.399383E-08
 -6.688812E-19 -1.297019E-21
  2.710505E-19  1.495543E-21
  9.414015E-06  1.089578E-07
 -3.816032E-20 -1.601422E-21
  2.710505E-19  4.711621E-21
  9.399179E-06  2.238231E-07
 -4.286247E-19 -3.573420E-21
  5.421011E-19  4.309611E-21
  9.354286E-06  4.579524E-07
  1.183385E-19 -3.613125E-21
  5.421011E-19  3.388132E-21
  9.219875E-06  9.051019E-07
  5.131787E-20 -2.930701E-20
  1.626303E-19  1.304877E-20
  8.876676E-06  1.689269E-06
 -5.854888E-20 -5.246807E-21
  6.505213E-19  1.617076E-20
  8.103639E-06  2.957992E-06
 -3.493690E-19 -4.754696E-20
  5.963112E-19  1.296916E-20
  6.522297E-06  4.774107E-06
 -8.093445E-20  4.461306E-20
  7.589415E-19  7.517056E-21
  3.701888E-06  6.929492E-06
  3.899882E-19  3.721646E-20
  6.505213E-19  1.058933E-21
 -5.611416E-07  8.863960E-06
  5.971355E-19 -2.546398E-20
  1.403717E-05  4.104457E-08
  1.254266E-19 -2.646978E-23
  4.677287E-06  9.015060E-08
  1.403557E-05  8.738980E-08
  2.417388E-19  8.404155E-22
  4.664697E-06  1.798856E-07
  1.403071E-05  1.862393E-07
 -3.753164E-20  9.065900E-22
  4.635775E-06  3.662765E-07
  1.401310E-05  3.954727E-07
 -4.737538E-19  2.549371E-21
  4.548792E-06  7.410382E-07
  1.394931E-05  8.274596E-07
  3.795452E-19  3.494838E-21
  4.292640E-06  1.435884E-06
  1.374209E-05  1.678209E-06
  2.417164E-19 -1.839236E-21
  3.654947E-06  2.587279E-06
  1.314516E-05  3.242283E-06
  1.694828E-19 -2.514836E-21
  2.281327E-06  4.280547E-06
  1.162110E-05  5.816388E-06
  8.161047E-20  1.066163E-20
 -3.263432E-07  6.319400E-06
  8.306330E-06  9.364019E-06
  9.052993E-21  3.230461E-20
 -4.449435E-06  7.976203E-06
  2.417189E-06  1.306950E-05
 -5.449701E-20  1.477469E-20
 -9.558497E-06  8.216011E-06
