0 1 1
5e-07 1 0
1e-06 1 0
1.5e-06 1 0
2e-06 1 0
2.5e-06 1 0
3e-06 1 0
3.5e-06 1 0
4e-06 1 0
4.5e-06 1 0
5e-06 1 0
5.5e-06 1 0
6e-06 1 0
6.5e-06 1 0
7e-06 1 0
7.5e-06 1 0
8e-06 1 0
8.5e-06 1 0
9e-06 1 0
9.5e-06 1 0
1e-05 1 0
1.05e-05 1 0
1.1e-05 1 0
1.15e-05 1 0
1.2e-05 1 0
1.25e-05 1 0
1.3e-05 1 0
1.35e-05 1 0
1.4e-05 1 0
1.45e-05 1 0
1.5e-05 1 0
1.55e-05 1 0
1.6e-05 1 0
1.65e-05 1 0
1.7e-05 1 0
1.75e-05 1 0
1.8e-05 1 0
1.85e-05 1 0
1.9e-05 1 0
1.95e-05 1 0
2e-05 1 0
2.25e-05 1 0
2.5e-05 1 0
2.75e-05 1 0
3e-05 1 0
3.25e-05 1 0
3.5e-05 1 0
3.75e-05 1 0
4e-05 1 0
4.25e-05 1 0
4.5e-05 1 0
4.75e-05 1 0
5e-05 1 0
5.25e-05 1 0
5.5e-05 1 0
5.75e-05 1 0
6e-05 1 0
6.25e-05 1 0
6.5e-05 1 0
6.75e-05 1 0
7e-05 1 0
7.25e-05 1 0
7.5e-05 1 0
7.75e-05 1 0
8e-05 1 0
8.25e-05 1 0
8.5e-05 1 0
8.75e-05 1 0
9e-05 1 0
9.25e-05 1 0
9.5e-05 1 0
9.75e-05 1 0
0.0001 1 0
0.0001025 1 0
0.000105 1 0
0.0001075 1 0
0.00011 1 0
0.0001125 1 0
0.000115 1 0
0.0001175 1 0
0.00012 1 0
0.00013 1 0
0.00014 1 0
0.00015 1 0
0.00016 1 0
0.00017 1 0
0.00018 1 0
0.00019 1 0
0.0002 1 0
0.00021 1 0
0.00022 1 0
0.00023 1 0
0.00024 1 0
0.00025 1 0
0.00026 1 0
0.00027 1 0
0.00028 1 0
0.00029 1 0
0.0003 1 0
0.00031 1 0
0.00032 1 0
0.00033 1 0
0.00034 1 0
0.00035 1 0
0.00036 1 0
0.00037 1 0
0.00038 1 0
0.00039 1 0
0.0004 1 0
0.00041 1 0
0.00042 1 0
0.00043 1 0
0.00044 1 0
0.00045 1 0
0.00046 1 0
0.00047 1 0
0.00048 1 0
0.00049 1 0
0.0005 1 0
0.00051 1 0
0.00052 1 0
0.00057 1 0
0.00062 1 0
0.00067 1 0
0.00072 1 0
0.00077 1 0
0.00082 1 0
0.00087 1 0
0.00092 1 0
0.00097 1 0
0.00102 1 0
0.00107 1 0
0.00112 1 0
0.00117 1 0
0.00122 1 0
0.00127 1 0
0.00132 1 0
0.00137 1 0
0.00142 1 0
0.00147 1 0
0.00152 1 0
0.00157 1 0
0.00162 1 0
0.00167 1 0
0.00172 1 0
0.00177 1 0
0.00182 1 0
0.00187 1 0
0.00192 1 0
0.00197 1 0
0.00202 1 0
0.00207 1 0
0.00212 1 0
0.00217 1 0
0.00222 1 0
0.00227 1 0
0.00232 1 0
0.00237 1 0
0.00242 1 0
0.00247 1 0
0.00252 1 0
0.00277 1 0
0.00302 1 0
0.00327 1 0
0.00352 1 0
0.00377 1 0
0.00402 1 0
0.00427 1 0
0.00452 1 0
0.00477 1 0
0.00502 1 0
0.00527 1 0
0.00552 1 0
0.00577 1 0
0.00602 1 0
0.00627 1 0
0.00652 1 0
0.00677 1 0
0.00702 1 0
0.00727 1 0
0.00752 1 0
0.00777 1 0
0.00802 1 0
0.00827 1 0
0.00852 1 0
0.00877 1 0
0.00902 1 0
0.00927 1 0
0.00952 1 0
0.00977 1 0
0.01002 1 0
0.01027 1 0
0.01052 1 0
0.01077 1 0
0.01102 1 0
0.01127 1 0
0.01152 1 0
0.01177 1 0
0.01202 1 0
0.01227 1 0
0.01252 1 0
