1 1 1 2    1.060172E-07
1 1 2 2    3.990199E-08
1 1 3 2    1.973656E-08
1 1 4 2    1.153646E-08
1 1 5 2    6.578126E-09
1 1 6 2    3.093168E-09
1 1 7 2    1.138591E-09
1 1 8 2    3.067888E-10
1 1 9 2    5.578930E-11
1 1 10 2    4.847483E-12
1 2 1 2    5.800205E-19
1 2 2 2    5.792356E-19
1 2 3 2    5.791249E-19
1 2 4 2    5.790728E-19
1 2 5 2    5.790261E-19
1 2 6 2    5.789710E-19
1 2 7 2    5.788764E-19
1 2 8 2    5.787509E-19
1 2 9 2    5.785092E-19
1 2 10 2    5.779785E-19
1 3 1 2   -3.116525E-08
1 3 2 2   -8.265485E-09
1 3 3 2   -3.321246E-09
1 3 4 2   -1.637630E-09
1 3 5 2   -7.644529E-10
1 3 6 2   -2.728000E-10
1 3 7 2   -7.076947E-11
1 3 8 2   -1.282147E-11
1 3 9 2   -1.756016E-12
1 3 10 2   -1.087722E-13
 
2 1 1 2    8.286192E-20
2 1 2 2    8.274323E-20
2 1 3 2    8.237580E-20
2 1 4 2    8.230110E-20
2 1 5 2    8.222213E-20
2 1 6 2    8.218639E-20
2 1 7 2    8.216790E-20
2 1 8 2    8.209785E-20
2 1 9 2    8.189107E-20
2 1 10 2    8.134468E-20
2 2 1 2    1.084887E-07
2 2 2 2    4.038091E-08
2 2 3 2    1.991627E-08
2 2 4 2    1.161774E-08
2 2 5 2    6.586162E-09
2 2 6 2    3.076714E-09
2 2 7 2    1.131837E-09
2 2 8 2    2.977423E-10
2 2 9 2    5.040647E-11
2 2 10 2    4.004526E-12
2 3 1 2    2.754892E-19
2 3 2 2    2.747416E-19
2 3 3 2    2.740249E-19
2 3 4 2    2.736652E-19
2 3 5 2    2.734705E-19
2 3 6 2    2.732757E-19
2 3 7 2    2.731677E-19
2 3 8 2    2.730727E-19
2 3 9 2    2.728904E-19
2 3 10 2    2.726481E-19
 
3 1 1 2    3.117506E-08
3 1 2 2    8.281466E-09
3 1 3 2    3.330417E-09
3 1 4 2    1.639109E-09
3 1 5 2    7.622919E-10
3 1 6 2    2.702196E-10
3 1 7 2    6.902905E-11
3 1 8 2    1.203550E-11
3 1 9 2    2.039612E-12
3 1 10 2    2.736054E-13
3 2 1 2    2.646169E-21
3 2 2 2    2.136375E-21
3 2 3 2    1.984722E-21
3 2 4 2    1.916906E-21
3 2 5 2    1.876060E-21
3 2 6 2    1.853909E-21
3 2 7 2    1.872551E-21
3 2 8 2    1.947449E-21
3 2 9 2    2.126860E-21
3 2 10 2    2.567415E-21
3 3 1 2    2.131280E-07
3 3 2 2    7.931331E-08
3 3 3 2    3.886833E-08
3 3 4 2    2.254399E-08
3 3 5 2    1.278389E-08
3 3 6 2    5.974179E-09
3 3 7 2    2.180845E-09
3 3 8 2    6.239748E-10
3 3 9 2    1.666793E-10
3 3 10 2    3.080968E-11
 
