1 1 1 1   -3.992629E-12
1 1 2 1   -2.358748E-12
1 1 3 1   -1.419604E-12
1 1 4 1   -8.519617E-13
1 1 5 1   -4.999920E-13
1 1 6 1   -2.674471E-13
1 1 7 1   -1.182340E-13
1 1 8 1   -2.828865E-14
1 1 9 1   -1.895569E-15
1 1 10 1   -6.122358E-18
1 2 1 1   -1.042054E-25
1 2 2 1   -3.413348E-27
1 2 3 1    7.766282E-26
1 2 4 1    5.735334E-26
1 2 5 1    7.495113E-27
1 2 6 1    1.130911E-26
1 2 7 1   -5.282970E-26
1 2 8 1   -5.230819E-26
1 2 9 1   -7.071499E-26
1 2 10 1   -7.357384E-26
1 3 1 1    3.402693E-12
1 3 2 1    1.999646E-12
1 3 3 1    1.201023E-12
1 3 4 1    7.189220E-13
1 3 5 1    4.207033E-13
1 3 6 1    2.242057E-13
1 3 7 1    9.865796E-14
1 3 8 1    2.350686E-14
1 3 9 1    1.573084E-15
1 3 10 1    5.079517E-18
 
2 1 1 1   -2.584939E-26
2 1 2 1   -3.211555E-26
2 1 3 1   -7.074191E-26
2 1 4 1    3.231174E-27
2 1 5 1   -4.899914E-26
2 1 6 1   -3.637301E-26
2 1 7 1   -3.489668E-26
2 1 8 1   -4.746143E-26
2 1 9 1    7.458145E-26
2 1 10 1    5.312050E-26
2 2 1 1   -4.478738E-12
2 2 2 1   -2.643942E-12
2 2 3 1   -1.590506E-12
2 2 4 1   -9.539318E-13
2 2 5 1   -5.593815E-13
2 2 6 1   -2.988642E-13
2 2 7 1   -1.319222E-13
2 2 8 1   -3.151983E-14
2 2 9 1   -2.111147E-15
2 2 10 1   -6.818213E-18
2 3 1 1   -1.033976E-25
2 3 2 1   -9.446480E-26
2 3 3 1   -1.292470E-26
2 3 4 1   -5.816114E-26
2 3 5 1    8.278333E-26
2 3 6 1    4.792413E-26
2 3 7 1   -7.108583E-26
2 3 8 1   -1.249947E-26
2 3 9 1    2.952130E-26
2 3 10 1    3.412120E-26
 
3 1 1 1   -3.402693E-12
3 1 2 1   -1.999646E-12
3 1 3 1   -1.201023E-12
3 1 4 1   -7.189220E-13
3 1 5 1   -4.207033E-13
3 1 6 1   -2.242057E-13
3 1 7 1   -9.865796E-14
3 1 8 1   -2.350686E-14
3 1 9 1   -1.573084E-15
3 1 10 1   -5.079517E-18
3 2 1 1    1.163223E-25
3 2 2 1   -1.087469E-25
3 2 3 1   -1.471479E-25
3 2 4 1   -1.163223E-25
3 2 5 1    1.472446E-26
3 2 6 1   -9.663796E-27
3 2 7 1   -5.686867E-26
3 2 8 1   -5.371116E-26
3 2 9 1    1.741308E-25
3 2 10 1    6.669144E-26
3 3 1 1   -1.696098E-11
3 3 2 1   -9.969813E-12
3 3 3 1   -5.999947E-12
3 3 4 1   -3.601993E-12
3 3 5 1   -2.117434E-12
3 3 6 1   -1.136748E-12
3 3 7 1   -5.051559E-13
3 3 8 1   -1.214812E-13
3 3 9 1   -8.154001E-15
3 3 10 1   -2.633728E-17
 
