  4.734493E-10  1.591884E-12
  6.174199E-20 -1.158053E-23
 -3.967492E-10 -1.328510E-12
  4.734289E-10  3.429423E-12
 -4.648783E-20 -8.271806E-24
 -3.967322E-10 -2.862033E-12
  4.733340E-10  7.386696E-12
  6.018529E-20 -9.926167E-24
 -3.966532E-10 -6.164590E-12
  4.728945E-10  1.589628E-11
 -8.942452E-20  7.031035E-24
 -3.962874E-10 -1.326635E-11
  4.708695E-10  3.407016E-11
  4.004657E-20 -2.067952E-24
 -3.946021E-10 -2.843406E-11
  4.617890E-10  7.169248E-11
 -7.023250E-20  9.564276E-25
 -3.870441E-10 -5.983819E-11
  4.254532E-10  1.398370E-10
  7.444337E-22  1.583275E-24
 -3.567928E-10 -1.167619E-10
  3.253799E-10  2.177467E-10
  6.235539E-21  1.176147E-24
 -2.733844E-10 -1.820711E-10
  1.821745E-10  2.511937E-10
  3.795149E-20  9.157148E-24
 -1.536269E-10 -2.106073E-10
  4.123447E-11  2.502785E-10
  8.808535E-20 -1.786839E-24
 -3.524603E-11 -2.103674E-10
 -1.084202E-19  2.646978E-23
  5.259984E-10  1.765061E-12
  4.929768E-19 -6.749794E-22
  0.000000E+00 -2.249931E-22
  5.259757E-10  3.802502E-12
 -3.439887E-20  3.308722E-23
  1.084202E-19  1.654361E-23
  5.258706E-10  8.190280E-12
 -3.016935E-19  6.452009E-23
  4.336809E-19 -1.819797E-23
  5.253837E-10  1.762563E-11
  7.414252E-21  2.233388E-23
  7.047314E-19 -1.819797E-23
  5.231405E-10  3.777690E-11
  3.578166E-19 -5.376674E-24
 -7.047314E-19  5.376674E-24
  5.130812E-10  7.949493E-11
  2.890185E-19  1.613002E-23
  1.084202E-19 -4.549493E-24
  4.728249E-10  1.550768E-10
  4.893136E-19 -2.481542E-24
 -4.336809E-19 -1.137373E-24
  3.619117E-10  2.415910E-10
  4.575523E-19 -6.979336E-24
  7.047314E-19  2.843433E-24
  2.030193E-10  2.789479E-10
 -8.348863E-21 -2.158424E-23
  3.794708E-19 -4.187602E-24
  4.642978E-11  2.781664E-10
  1.821254E-19  1.428179E-23
  3.967492E-10  1.328510E-12
  1.589083E-19  3.573420E-22
  2.017993E-09  6.844799E-12
  3.967322E-10  2.862033E-12
 -2.764948E-19  2.646978E-23
  2.017905E-09  1.474587E-11
  3.966532E-10  6.164590E-12
 -1.150488E-19  4.632211E-23
  2.017496E-09  3.176137E-11
  3.962874E-10  1.326635E-11
  9.586563E-20  2.316106E-23
  2.015602E-09  6.835071E-11
  3.946021E-10  2.843406E-11
 -7.082859E-19  1.075335E-23
  2.006877E-09  1.464923E-10
  3.870441E-10  5.983819E-11
 -1.901934E-19 -4.135903E-24
  1.967751E-09  3.082353E-10
  3.567928E-10  1.167619E-10
  1.599446E-19 -5.790264E-24
  1.811227E-09  6.010269E-10
  2.733844E-10  1.820711E-10
 -6.156844E-20 -1.023636E-23
  1.380531E-09  9.348810E-10
  1.536269E-10  2.106073E-10
  7.602710E-20 -1.085675E-24
  7.656938E-10  1.076401E-09
  3.524603E-11  2.103674E-10
 -3.602228E-19 -1.925780E-24
  1.619895E-10  1.070348E-09
