1 1 1 2    3.824626E-10
1 1 2 2    3.553952E-10
1 1 3 2    3.208458E-10
1 1 4 2    2.754713E-10
1 1 5 2    2.176743E-10
1 1 6 2    1.471644E-10
1 1 7 2    7.364159E-11
1 1 8 2    1.827683E-11
1 1 9 2    1.230290E-12
1 1 10 2    3.976446E-15
1 2 1 2    2.258920E-20
1 2 2 2    2.259001E-20
1 2 3 2    2.259055E-20
1 2 4 2    2.259157E-20
1 2 5 2    2.259522E-20
1 2 6 2    2.260293E-20
1 2 7 2    2.260527E-20
1 2 8 2    2.260380E-20
1 2 9 2    2.257643E-20
1 2 10 2    2.250780E-20
1 3 1 2   -3.212491E-10
1 3 2 2   -2.982654E-10
1 3 3 2   -2.690088E-10
1 3 4 2   -2.306739E-10
1 3 5 2   -1.819782E-10
1 3 6 2   -1.227606E-10
1 3 7 2   -6.127486E-11
1 3 8 2   -1.517608E-11
1 3 9 2   -1.020891E-12
1 3 10 2   -3.298058E-15
 
2 1 1 2   -4.376776E-19
2 1 2 2   -4.376774E-19
2 1 3 2   -4.376773E-19
2 1 4 2   -4.376771E-19
2 1 5 2   -4.376788E-19
2 1 6 2   -4.376793E-19
2 1 7 2   -4.376946E-19
2 1 8 2   -4.377331E-19
2 1 9 2   -4.377854E-19
2 1 10 2   -4.378838E-19
2 2 1 2    4.275949E-10
2 2 2 2    3.972468E-10
2 2 3 2    3.585300E-10
2 2 4 2    3.077096E-10
2 2 5 2    2.430228E-10
2 2 6 2    1.641840E-10
2 2 7 2    8.208957E-11
2 2 8 2    2.035931E-11
2 2 9 2    1.370169E-12
2 2 10 2    4.427357E-15
2 3 1 2   -1.933204E-19
2 3 2 2   -1.933196E-19
2 3 3 2   -1.933207E-19
2 3 4 2   -1.933229E-19
2 3 5 2   -1.933158E-19
2 3 6 2   -1.932961E-19
2 3 7 2   -1.933197E-19
2 3 8 2   -1.933881E-19
2 3 9 2   -1.933745E-19
2 3 10 2   -1.933385E-19
 
3 1 1 2    3.212491E-10
3 1 2 2    2.982654E-10
3 1 3 2    2.690088E-10
3 1 4 2    2.306739E-10
3 1 5 2    1.819782E-10
3 1 6 2    1.227606E-10
3 1 7 2    6.127486E-11
3 1 8 2    1.517608E-11
3 1 9 2    1.020890E-12
3 1 10 2    3.297800E-15
3 2 1 2    1.655829E-19
3 2 2 2    1.655849E-19
3 2 3 2    1.655840E-19
3 2 4 2    1.655812E-19
3 2 5 2    1.655826E-19
3 2 6 2    1.655882E-19
3 2 7 2    1.655737E-19
3 2 8 2    1.655224E-19
3 2 9 2    1.656440E-19
3 2 10 2    1.659581E-19
3 3 1 2    1.625110E-09
3 3 2 2    1.510565E-09
3 3 3 2    1.364540E-09
3 3 4 2    1.172747E-09
3 3 5 2    9.281955E-10
3 3 6 2    6.290617E-10
3 3 7 2    3.157238E-10
3 3 8 2    7.856268E-11
3 3 9 2    5.292641E-12
3 3 10 2    1.710089E-14
 
