1 1 1 1   -1.984871E-08
1 1 2 1   -3.634617E-09
1 1 3 1   -8.057101E-10
1 1 4 1   -1.608695E-10
1 1 5 1   -2.967212E-11
1 1 6 1   -3.270815E-12
1 1 7 1   -2.852099E-13
1 1 8 1   -2.727027E-14
1 1 9 1   -3.577641E-15
1 1 10 1   -3.644674E-16
1 2 1 1    2.437469E-22
1 2 2 1    7.690287E-23
1 2 3 1    2.703779E-23
1 2 4 1    6.825856E-24
1 2 5 1    1.627101E-24
1 2 6 1    2.001300E-25
1 2 7 1   -6.494660E-26
1 2 8 1   -8.702909E-26
1 2 9 1   -5.846965E-26
1 2 10 1   -5.072944E-26
1 3 1 1    8.195286E-09
1 3 2 1    1.006802E-09
1 3 3 1    1.594141E-10
1 3 4 1    2.282327E-11
1 3 5 1    3.150595E-12
1 3 6 1    2.348001E-13
1 3 7 1    1.219904E-14
1 3 8 1    7.478491E-16
1 3 9 1    7.157862E-17
1 3 10 1    5.979399E-18
 
2 1 1 1    2.998530E-24
2 1 2 1   -4.031680E-24
2 1 3 1   -5.202649E-24
2 1 4 1   -2.029177E-24
2 1 5 1   -9.835022E-25
2 1 6 1   -2.035511E-26
2 1 7 1    2.584939E-27
2 1 8 1    5.541205E-26
2 1 9 1   -4.024492E-27
2 1 10 1   -2.300596E-26
2 2 1 1   -2.068939E-08
2 2 2 1   -3.712176E-09
2 2 3 1   -8.143414E-10
2 2 4 1   -1.617764E-10
2 2 5 1   -2.893967E-11
2 2 6 1   -3.120143E-12
2 2 7 1   -2.880902E-13
2 2 8 1   -2.869960E-14
2 2 9 1   -3.831949E-15
2 2 10 1   -3.889338E-16
2 3 1 1   -3.084608E-22
2 3 2 1    5.572261E-23
2 3 3 1    2.047513E-24
2 3 4 1    1.074042E-23
2 3 5 1    2.397654E-25
2 3 6 1    5.480265E-26
2 3 7 1   -1.912855E-25
2 3 8 1   -1.011875E-25
2 3 9 1   -2.328511E-25
2 3 10 1   -2.251482E-25
 
3 1 1 1   -8.189814E-09
3 1 2 1   -1.007516E-09
3 1 3 1   -1.600202E-10
3 1 4 1   -2.291418E-11
3 1 5 1   -3.119945E-12
3 1 6 1   -2.380353E-13
3 1 7 1   -1.253846E-14
3 1 8 1   -6.965047E-16
3 1 9 1   -7.367183E-17
3 1 10 1   -7.924135E-18
3 2 1 1    1.839766E-22
3 2 2 1    4.200050E-23
3 2 3 1    1.588605E-23
3 2 4 1    4.284537E-24
3 2 5 1    9.313970E-25
3 2 6 1    1.788313E-25
3 2 7 1   -5.428373E-26
3 2 8 1   -4.237362E-26
3 2 9 1   -9.414479E-26
3 2 10 1   -1.292470E-25
3 3 1 1   -4.044631E-08
3 3 2 1   -7.313501E-09
3 3 3 1   -1.606235E-09
3 3 4 1   -3.167180E-10
3 3 5 1   -5.822239E-11
3 3 6 1   -6.684115E-12
3 3 7 1   -5.362259E-13
3 3 8 1   -5.334503E-14
3 3 9 1   -9.326699E-15
3 3 10 1   -1.642933E-15
 
