1 1 1 2    1.060172E-07
1 1 2 2    3.990199E-08
1 1 3 2    1.973656E-08
1 1 4 2    1.153646E-08
1 1 5 2    6.578126E-09
1 1 6 2    3.093168E-09
1 1 7 2    1.138591E-09
1 1 8 2    3.067888E-10
1 1 9 2    5.578930E-11
1 1 10 2    4.847484E-12
1 2 1 2   -1.159517E-19
1 2 2 2   -1.162548E-19
1 2 3 2   -1.158449E-19
1 2 4 2   -1.156411E-19
1 2 5 2   -1.155674E-19
1 2 6 2   -1.154983E-19
1 2 7 2   -1.155054E-19
1 2 8 2   -1.156093E-19
1 2 9 2   -1.155211E-19
1 2 10 2   -1.151590E-19
1 3 1 2   -3.116525E-08
1 3 2 2   -8.265485E-09
1 3 3 2   -3.321246E-09
1 3 4 2   -1.637630E-09
1 3 5 2   -7.644529E-10
1 3 6 2   -2.728000E-10
1 3 7 2   -7.076947E-11
1 3 8 2   -1.282146E-11
1 3 9 2   -1.756016E-12
1 3 10 2   -1.087719E-13
 
2 1 1 2    6.500255E-19
2 1 2 2    6.483063E-19
2 1 3 2    6.478471E-19
2 1 4 2    6.476656E-19
2 1 5 2    6.476246E-19
2 1 6 2    6.475754E-19
2 1 7 2    6.475536E-19
2 1 8 2    6.476260E-19
2 1 9 2    6.476147E-19
2 1 10 2    6.476359E-19
2 2 1 2    1.084887E-07
2 2 2 2    4.038091E-08
2 2 3 2    1.991627E-08
2 2 4 2    1.161774E-08
2 2 5 2    6.586162E-09
2 2 6 2    3.076714E-09
2 2 7 2    1.131837E-09
2 2 8 2    2.977423E-10
2 2 9 2    5.040647E-11
2 2 10 2    4.004526E-12
2 3 1 2   -4.101885E-19
2 3 2 2   -4.102054E-19
2 3 3 2   -4.107393E-19
2 3 4 2   -4.110572E-19
2 3 5 2   -4.110196E-19
2 3 6 2   -4.109535E-19
2 3 7 2   -4.107986E-19
2 3 8 2   -4.105458E-19
2 3 9 2   -4.104589E-19
2 3 10 2   -4.103537E-19
 
3 1 1 2    3.117506E-08
3 1 2 2    8.281466E-09
3 1 3 2    3.330417E-09
3 1 4 2    1.639109E-09
3 1 5 2    7.622919E-10
3 1 6 2    2.702196E-10
3 1 7 2    6.902905E-11
3 1 8 2    1.203550E-11
3 1 9 2    2.039612E-12
3 1 10 2    2.736054E-13
3 2 1 2   -5.191705E-19
3 2 2 2   -5.182577E-19
3 2 3 2   -5.177372E-19
3 2 4 2   -5.174927E-19
3 2 5 2   -5.173351E-19
3 2 6 2   -5.172073E-19
3 2 7 2   -5.170927E-19
3 2 8 2   -5.170175E-19
3 2 9 2   -5.166347E-19
3 2 10 2   -5.156929E-19
3 3 1 2    2.131280E-07
3 3 2 2    7.931331E-08
3 3 3 2    3.886833E-08
3 3 4 2    2.254399E-08
3 3 5 2    1.278389E-08
3 3 6 2    5.974179E-09
3 3 7 2    2.180845E-09
3 3 8 2    6.239748E-10
3 3 9 2    1.666793E-10
3 3 10 2    3.080968E-11
 
