 -6.205992E-09  2.516718E-08
  1.745721E-19  6.584358E-22
  7.908684E-10 -2.381912E-08
 -1.221784E-08  4.664859E-08
  1.943967E-19  3.755400E-22
  1.971863E-09 -5.032143E-08
 -2.208568E-08  8.900198E-08
  6.920251E-20 -1.232499E-22
  4.658640E-09 -1.064437E-07
 -4.395624E-08  1.738720E-07
  3.021985E-19  3.894573E-21
  1.240401E-08 -2.255415E-07
 -1.036504E-07  3.354451E-07
  5.158580E-20  1.268998E-21
  3.892626E-08 -4.757280E-07
 -2.641295E-07  6.068274E-07
  3.459234E-19  1.473648E-21
  1.306789E-07 -9.855566E-07
 -6.313685E-07  9.791585E-07
  4.749629E-20  1.678888E-20
  4.181800E-07 -1.967962E-06
 -1.341174E-06  1.332105E-06
  1.997198E-19  1.097172E-20
  1.218728E-06 -3.705822E-06
 -2.444974E-06  1.305159E-06
  1.220903E-19  1.779182E-20
  3.164268E-06 -6.374720E-06
 -3.580112E-06  3.373820E-07
  1.222680E-19 -2.399525E-20
  7.101925E-06 -9.612453E-06
  3.794708E-19  5.029258E-22
 -6.381323E-09  3.475929E-08
 -2.485411E-19 -1.085261E-21
  5.963112E-19  1.336724E-21
 -1.252066E-08  6.724005E-08
 -1.436159E-19 -2.130817E-21
  1.626303E-19  3.275635E-21
 -2.268045E-08  1.331434E-07
 -4.997755E-19 -3.189608E-21
  8.673617E-19 -2.455072E-21
 -4.545164E-08  2.687506E-07
  4.181882E-19 -3.169756E-21
  4.336809E-19  7.929353E-21
 -1.091838E-07  5.393869E-07
 -5.064533E-19 -1.306449E-20
 -7.047314E-19  1.752796E-21
 -2.869580E-07  1.042680E-06
  3.653911E-19  1.726905E-20
 -3.252607E-19 -4.118325E-21
 -7.216186E-07  1.897571E-06
 -4.803707E-20 -1.561117E-20
  1.029992E-18  1.966601E-20
 -1.669198E-06  3.210105E-06
 -2.608907E-20 -1.113489E-21
  0.000000E+00  2.594002E-20
 -3.510359E-06  4.927821E-06
 -4.093986E-20 -8.070641E-20
 -2.168404E-19 -4.658539E-21
 -6.560760E-06  6.670781E-06
  5.058677E-19  4.746026E-20
 -7.941716E-10  2.381688E-08
  1.139713E-19 -2.646978E-23
 -1.324913E-08  5.926519E-08
 -1.971372E-09  5.032526E-08
  4.868317E-20 -2.911676E-22
 -2.513292E-08  1.127192E-07
 -4.651384E-09  1.064620E-07
  3.460586E-19  1.945529E-21
 -4.489860E-08  2.201708E-07
 -1.238877E-08  2.255978E-07
 -3.582807E-19 -1.042248E-22
 -8.934929E-08  4.387798E-07
 -3.891533E-08  4.758706E-07
  1.379934E-19  1.617965E-21
 -2.120655E-07  8.669112E-07
 -1.307082E-07  9.858635E-07
  3.991144E-19 -3.761604E-21
 -5.481670E-07  1.633883E-06
 -4.183809E-07  1.968568E-06
 -4.253511E-20 -3.108131E-21
 -1.345029E-06  2.847086E-06
 -1.219408E-06  3.706738E-06
 -2.222301E-19 -3.487393E-21
 -2.989818E-06  4.487157E-06
 -3.165657E-06  6.375619E-06
  4.785422E-20  3.518976E-20
 -5.903384E-06  6.141894E-06
 -7.103890E-06  9.612916E-06
 -1.857624E-19  1.950107E-20
 -1.003146E-05  6.876152E-06
