%           Xr              Yr              Zr                          Ex                          Ey                          Ez                          Hx                          Hy                          Hz

%  frequency =  1.000000E+02
  1.00000000E+01  0.00000000E+00  5.00000000E+00  3.043891E-11 -1.196803E-13 -8.560080E-10 -1.849794E-07 -2.005925E-12  6.162509E-14 -6.205942E-09  2.517363E-08 -8.846386E-20  7.940934E-23  7.909006E-10 -2.383981E-08

%  frequency =  2.154435E+02
  1.00000000E+01  0.00000000E+00  5.00000000E+00  3.060156E-11 -1.963617E-13 -2.841932E-09 -3.992004E-07  8.652891E-14  2.810218E-14 -1.221770E-08  4.666261E-08 -7.116432E-21  9.065900E-22  1.972001E-09 -5.036612E-08

%  frequency =  4.641589E+02
  1.00000000E+01  0.00000000E+00  5.00000000E+00  2.132504E-11 -2.465310E-13 -1.027008E-08 -8.620094E-07 -8.894128E-12  1.383501E-13 -2.208524E-08  8.903215E-08  1.113135E-19  3.882372E-21  4.659183E-09 -1.065397E-07

%  frequency =  1.000000E+03
  1.00000000E+01  0.00000000E+00  5.00000000E+00  3.472769E-11 -6.846873E-13 -3.894759E-08 -1.865096E-06  1.598117E-12 -1.512795E-14 -4.395487E-08  1.739374E-07  3.306905E-19  3.137496E-21  1.240631E-08 -2.257482E-07

%  frequency =  2.154435E+03
  1.00000000E+01  0.00000000E+00  5.00000000E+00  3.514021E-11 -1.231610E-12 -1.457301E-07 -4.056181E-06  1.432468E-12 -1.272786E-14 -1.036459E-07  3.355878E-07 -3.028617E-21  4.264426E-21  3.893643E-08 -4.761734E-07

%  frequency =  4.641589E+03
  1.00000000E+01  0.00000000E+00  5.00000000E+00  3.868155E-11 -1.965031E-12 -5.024359E-07 -8.909226E-06  1.677504E-12 -3.942174E-14 -2.641127E-07  6.071390E-07  6.960028E-20  9.378729E-21  1.307227E-07 -9.865090E-07

%  frequency =  1.000000E+04
  1.00000000E+01  0.00000000E+00  5.00000000E+00  4.036821E-11 -2.923128E-12 -1.554815E-06 -1.983065E-05  1.121103E-12 -5.441486E-14 -6.313163E-07  9.798561E-07  4.456172E-20  1.469892E-20  4.183654E-07 -1.969983E-06

%  frequency =  2.154435E+04
  1.00000000E+01  0.00000000E+00  5.00000000E+00  3.987355E-11 -3.589157E-12 -4.294178E-06 -4.480724E-05  1.287361E-12 -1.849293E-13 -1.341058E-06  1.333708E-06  1.353552E-19  6.500993E-22  1.219461E-06 -3.709996E-06

%  frequency =  4.641589E+04
  1.00000000E+01  0.00000000E+00  5.00000000E+00  4.795404E-11 -4.347876E-12 -1.012505E-05 -1.024630E-04  4.460210E-12 -3.690809E-13 -2.444913E-06  1.308880E-06  3.355552E-19 -1.756049E-20  3.166829E-06 -6.382775E-06

%  frequency =  1.000000E+05
  1.00000000E+01  0.00000000E+00  5.00000000E+00  4.621233E-11 -3.608142E-12 -1.888181E-05 -2.341066E-04 -9.512750E-12  6.109151E-13 -3.581149E-06  3.456125E-07  3.453629E-19  1.655008E-20  7.109527E-06 -9.626103E-06

%  frequency =  1.000000E+02
  1.00000000E+01  0.00000000E+00  5.00000000E+00  9.147969E-10  3.776142E-08  9.756371E-11  9.224373E-14  4.309028E-11 -2.218376E-07 -1.165517E-18 -1.058791E-22 -6.381266E-09  3.474486E-08  3.879411E-19 -4.711621E-21

%  frequency =  2.154435E+02
  1.00000000E+01  0.00000000E+00  5.00000000E+00  3.074983E-09  8.201626E-08  9.577026E-11  1.444189E-13  5.048290E-11 -4.779311E-07  4.336809E-19  8.470329E-22 -1.252049E-08  6.720913E-08  2.873559E-19 -4.393983E-21

%  frequency =  4.641589E+02
  1.00000000E+01  0.00000000E+00  5.00000000E+00  1.132915E-08  1.786607E-07  9.797971E-11  2.949183E-13  7.289571E-11 -1.029664E-06  6.234162E-19  7.808585E-22 -2.267981E-08  1.330766E-07 -2.077348E-19 -4.605742E-21

%  frequency =  1.000000E+03
  1.00000000E+01  0.00000000E+00  5.00000000E+00  4.381449E-08  3.929958E-07  1.021221E-10  4.050770E-13  1.997301E-10 -2.218335E-06  2.981556E-19 -9.661470E-22 -4.544935E-08  2.686072E-07 -9.539709E-20 -2.541099E-21

%  frequency =  2.154435E+03
  1.00000000E+01  0.00000000E+00  5.00000000E+00  1.679163E-07  8.853997E-07  1.008273E-10  7.244398E-13  7.108728E-10 -4.779215E-06  1.084202E-18 -2.107656E-21 -1.091751E-07  5.390803E-07  3.215549E-19  1.985233E-23

%  frequency =  4.641589E+03
  1.00000000E+01  0.00000000E+00  5.00000000E+00  6.035757E-07  2.084695E-06  1.019501E-10  1.236954E-12  2.967297E-09 -1.029611E-05 -2.168404E-19  9.123802E-21 -2.869216E-07  1.042023E-06 -1.522542E-19 -3.358353E-21

%  frequency =  1.000000E+04
  1.00000000E+01  0.00000000E+00  5.00000000E+00  2.001965E-06  5.180298E-06  1.018499E-10  1.606201E-12  1.183296E-08 -2.218020E-05 -4.607859E-19 -3.680127E-21 -7.214781E-07  1.896190E-06 -2.038173E-19 -2.709017E-20

%  frequency =  2.154435E+04
  1.00000000E+01  0.00000000E+00  5.00000000E+00  6.168362E-06  1.358792E-05  9.638287E-11  3.156305E-12  4.608833E-08 -4.777625E-05  8.131516E-20  1.270963E-21 -1.668700E-06  3.207294E-06 -3.525775E-20  2.033045E-20

%  frequency =  4.641589E+04
  1.00000000E+01  0.00000000E+00  5.00000000E+00  1.737021E-05  3.713571E-05  9.119424E-11  4.806078E-12  1.728308E-07 -1.028870E-04 -9.215718E-19  9.446196E-21 -3.508750E-06  4.922399E-06 -2.307106E-19 -2.710133E-20

%  frequency =  1.000000E+05
  1.00000000E+01  0.00000000E+00  5.00000000E+00  4.384036E-05  1.023770E-04  1.030730E-10  2.369185E-12  6.077369E-07 -2.214668E-04  2.168404E-19 -1.379179E-20 -6.556289E-06  6.661311E-06  5.494067E-19 -4.743271E-20

%  frequency =  1.000000E+02
  1.00000000E+01  0.00000000E+00  5.00000000E+00 -8.200215E-13 -4.072807E-14 -2.740453E-10  5.127119E-12  1.222569E-12  2.548209E-15 -7.941502E-10  2.380531E-08 -5.482476E-19  8.470329E-22 -1.324928E-08  5.927217E-08

%  frequency =  2.154435E+02
  1.00000000E+01  0.00000000E+00  5.00000000E+00 -6.008273E-12 -7.588415E-14 -1.135085E-09 -8.967622E-11 -1.135281E-12 -5.471078E-16 -1.971286E-09  5.030046E-08 -4.079578E-19  5.293956E-22 -2.513342E-08  1.127343E-07

%  frequency =  4.641589E+02
  1.00000000E+01  0.00000000E+00  5.00000000E+00  1.789843E-12 -1.114183E-13 -4.852426E-09 -5.609623E-10 -3.220912E-12  5.639780E-14 -4.651005E-09  1.064084E-07  1.837605E-20 -6.749794E-22 -4.490000E-08  2.202024E-07

%  frequency =  1.000000E+03
  1.00000000E+01  0.00000000E+00  5.00000000E+00  4.325343E-12 -3.637892E-13 -2.111783E-08 -3.018310E-09  1.230404E-13 -1.633938E-14 -1.238717E-08  2.254823E-07  4.407512E-20 -2.104347E-21 -8.935405E-08  4.388470E-07

%  frequency =  2.154435E+03
  1.00000000E+01  0.00000000E+00  5.00000000E+00  7.533048E-13 -7.318659E-13 -9.121959E-08 -1.738205E-08 -1.069922E-13 -2.231592E-14 -3.890845E-08  4.756235E-07  3.205053E-20 -3.606507E-21 -2.120839E-07  8.670544E-07

%  frequency =  4.641589E+03
  1.00000000E+01  0.00000000E+00  5.00000000E+00 -2.854544E-13 -1.383522E-12 -3.794619E-07 -1.025443E-07 -4.798208E-13 -6.545454E-14 -1.306775E-07  9.853322E-07 -3.222990E-19  2.630434E-21 -5.482355E-07  1.634172E-06

%  frequency =  1.000000E+04
  1.00000000E+01  0.00000000E+00  5.00000000E+00 -1.728439E-12 -2.660636E-12 -1.486035E-06 -5.632744E-07 -4.790068E-12 -9.365881E-14 -4.182518E-07  1.967447E-06  1.275778E-19  4.780690E-21 -1.345277E-06  2.847630E-06

%  frequency =  2.154435E+04
  1.00000000E+01  0.00000000E+00  5.00000000E+00  1.511680E-12 -4.269558E-12 -5.405295E-06 -2.818702E-06  1.778257E-12 -2.624482E-13 -1.218909E-06  3.704464E-06 -1.506359E-19 -3.937380E-22 -2.990615E-06  4.487996E-06

%  frequency =  4.641589E+04
  1.00000000E+01  0.00000000E+00  5.00000000E+00  3.759886E-12 -7.607115E-12 -1.783212E-05 -1.276575E-05 -1.278428E-12 -7.881728E-13 -3.163924E-06  6.371365E-06  1.731411E-19 -3.947306E-21 -5.905469E-06  6.142502E-06

%  frequency =  1.000000E+05
  1.00000000E+01  0.00000000E+00  5.00000000E+00  3.138934E-12 -8.940845E-12 -5.184851E-05 -5.131362E-05  3.526553E-12  1.807001E-12 -7.098938E-06  9.606333E-06 -8.123501E-19  9.634328E-21 -1.003550E-05  6.874359E-06
