%           Xr              Yr              Zr                          Ex                          Ey                          Ez                          Hx                          Hy                          Hz

%  frequency =  1.000000E+02
  5.00000000E+00  0.00000000E+00  1.00000000E+01  6.179404E-15 -1.089572E-17 -8.115930E-14 -2.324666E-11 -4.990804E-15  1.914960E-17  4.733929E-10  1.591698E-12 -6.803519E-21 -1.561303E-23 -3.968322E-10 -1.328782E-12

%  frequency =  2.154435E+02
  5.00000000E+00  0.00000000E+00  1.00000000E+01  5.922969E-15 -3.806029E-17 -3.696114E-13 -5.008564E-11 -4.734601E-15  3.694961E-17  4.733725E-10  3.429030E-12  1.432952E-20  7.237830E-25 -3.968152E-10 -2.862625E-12

%  frequency =  4.641589E+02
  5.00000000E+00  0.00000000E+00  1.00000000E+01  6.208161E-15 -9.086106E-17 -1.709220E-12 -1.079283E-10 -4.253075E-15  7.544998E-17  4.732777E-10  7.385832E-12 -5.331324E-20 -7.237830E-25 -3.967363E-10 -6.165850E-12

%  frequency =  1.000000E+03
  5.00000000E+00  0.00000000E+00  1.00000000E+01  5.955569E-15 -1.962889E-16 -7.921223E-12 -2.327448E-10 -4.320260E-15  1.599404E-16  4.728381E-10  1.589443E-11  9.303065E-21  1.525114E-24 -3.963704E-10 -1.326906E-11

%  frequency =  2.154435E+03
  5.00000000E+00  0.00000000E+00  1.00000000E+01  5.830802E-15 -4.090933E-16 -3.656929E-11 -5.036203E-10 -4.838661E-15  3.544813E-16  4.708134E-10  3.406626E-11 -4.540632E-21 -1.221384E-24 -3.946847E-10 -2.843994E-11

%  frequency =  4.641589E+03
  5.00000000E+00  0.00000000E+00  1.00000000E+01  6.479388E-15 -9.502084E-16 -1.657479E-10 -1.106140E-09 -4.394589E-15  6.910661E-16  4.617340E-10  7.168409E-11  1.057960E-19 -1.085675E-24 -3.871252E-10 -5.985042E-11

%  frequency =  1.000000E+04
  5.00000000E+00  0.00000000E+00  1.00000000E+01  1.033883E-14 -2.730630E-15 -6.958800E-10 -2.565098E-09 -5.203176E-15  1.561927E-15  4.254024E-10  1.398206E-10  3.211445E-20 -3.180283E-24 -3.568678E-10 -1.167858E-10

%  frequency =  2.154435E+04
  5.00000000E+00  0.00000000E+00  1.00000000E+01  5.627941E-15 -1.875131E-15 -2.327248E-09 -6.603458E-09 -6.479800E-15  2.355830E-15  3.253404E-10  2.177214E-10  1.049041E-20 -7.701504E-24 -2.734420E-10 -1.821087E-10

%  frequency =  4.641589E+04
  5.00000000E+00  0.00000000E+00  1.00000000E+01  7.434063E-15 -2.386243E-15 -5.750498E-09 -1.752352E-08 -8.711316E-15  2.830530E-15  1.821521E-10  2.511640E-10 -5.035522E-21 -8.082782E-24 -1.536603E-10 -2.106510E-10

%  frequency =  1.000000E+05
  5.00000000E+00  0.00000000E+00  1.00000000E+01  9.540476E-15 -2.560369E-15 -1.227460E-08 -4.468548E-08 -9.333079E-15  2.635602E-15  4.122882E-11  2.502487E-10 -9.077057E-21 -7.537320E-24 -3.525464E-11 -2.104115E-10

%  frequency =  1.000000E+02
  5.00000000E+00  0.00000000E+00  1.00000000E+01  7.398881E-14  1.998225E-11  5.802751E-15 -1.631112E-17 -3.981178E-15 -1.717608E-11  1.355253E-19 -5.293956E-22  5.259292E-10  1.764834E-12  5.754530E-20 -5.558654E-22

%  frequency =  2.154435E+02
  5.00000000E+00  0.00000000E+00  1.00000000E+01  3.722105E-13  4.305275E-11  5.832970E-15 -3.005410E-17 -2.861047E-14 -3.700494E-11  5.421011E-19  3.308722E-23  5.259065E-10  3.802021E-12  2.843384E-19  2.249931E-22

%  frequency =  4.641589E+02
  5.00000000E+00  0.00000000E+00  1.00000000E+01  1.755427E-12  9.277713E-11  5.720789E-15 -6.388315E-17 -1.447793E-13 -7.972665E-11 -1.897354E-19  5.790264E-23  5.258015E-10  8.189225E-12  1.275843E-20 -4.632211E-23

%  frequency =  1.000000E+03
  5.00000000E+00  0.00000000E+00  1.00000000E+01  8.169171E-12  2.001097E-10  5.895865E-15 -1.375825E-16 -6.845698E-13 -1.717850E-10  0.000000E+00 -1.158053E-23  5.253146E-10  1.762337E-11 -8.152692E-20 -2.316106E-23

%  frequency =  2.154435E+03
  5.00000000E+00  0.00000000E+00  1.00000000E+01  3.774851E-11  4.333801E-10  5.707666E-15 -2.809287E-16 -3.173280E-12 -3.702894E-10  5.421011E-20  1.406207E-23  5.230717E-10  3.777213E-11  4.998553E-19 -8.271806E-24

%  frequency =  4.641589E+03
  5.00000000E+00  0.00000000E+00  1.00000000E+01  1.711274E-10  9.554903E-10  6.552329E-15 -7.106370E-16 -1.439443E-11 -7.995987E-10  1.165517E-18 -1.416547E-23  5.130137E-10  7.948469E-11  1.409780E-19 -1.488925E-23

%  frequency =  1.000000E+04
  5.00000000E+00  0.00000000E+00  1.00000000E+01  7.185394E-10  2.246381E-09  5.727518E-15 -1.103868E-15 -6.045010E-11 -1.738488E-09  2.981556E-19 -2.067952E-25  4.727625E-10  1.550568E-10  1.177905E-19 -6.617445E-24

%  frequency =  2.154435E+04
  5.00000000E+00  0.00000000E+00  1.00000000E+01  2.403548E-09  5.951610E-09  4.822814E-15 -8.666917E-16 -2.022083E-10 -3.839013E-09  1.029992E-18 -4.652891E-24  3.618630E-10  2.415600E-10  3.165786E-19  3.618915E-24

%  frequency =  4.641589E+04
  5.00000000E+00  0.00000000E+00  1.00000000E+01  5.941317E-09  1.622731E-08  5.810690E-15 -1.536102E-15 -4.998029E-10 -8.557385E-09  5.421011E-20  8.401053E-25  2.029917E-10  2.789115E-10 -2.898441E-19 -1.799118E-23

%  frequency =  1.000000E+05
  5.00000000E+00  0.00000000E+00  1.00000000E+01  1.268660E-08  4.212435E-08  2.716233E-15 -3.862059E-16 -1.067053E-09 -1.903907E-08 -5.149960E-19  6.190930E-24  4.642265E-11  2.781298E-10 -3.275900E-19 -8.762945E-24

%  frequency =  1.000000E+02
  5.00000000E+00  0.00000000E+00  1.00000000E+01 -1.745615E-15 -1.189964E-17 -3.424071E-14  6.343443E-12  1.278371E-15  7.081922E-18  3.966762E-10  1.328270E-12 -1.333040E-19 -6.551270E-22  2.018326E-09  6.845912E-12

%  frequency =  2.154435E+02
  5.00000000E+00  0.00000000E+00  1.00000000E+01 -1.711126E-15 -2.038768E-17 -1.602888E-13  1.366558E-11  1.273253E-15  1.584569E-17  3.966592E-10  2.861522E-12 -3.703488E-19 -5.293956E-23  2.018238E-09  1.474830E-11

%  frequency =  4.641589E+02
  5.00000000E+00  0.00000000E+00  1.00000000E+01 -1.741336E-15 -4.252892E-17 -7.452593E-13  2.943200E-11  1.301358E-15  3.411258E-17  3.965803E-10  6.163475E-12  7.199692E-19 -2.167213E-22  2.017829E-09  3.176652E-11

%  frequency =  1.000000E+03
  5.00000000E+00  0.00000000E+00  1.00000000E+01 -1.693599E-15 -8.879746E-17 -3.456924E-12  6.331343E-11  1.256409E-15  7.214988E-17  3.962145E-10  1.326395E-11 -3.959170E-20 -5.293956E-23  2.015935E-09  6.836182E-11

%  frequency =  2.154435E+03
  5.00000000E+00  0.00000000E+00  1.00000000E+01 -1.619997E-15 -1.844238E-16 -1.596344E-11  1.354531E-10  1.217843E-15  1.597085E-16  3.945295E-10  2.842898E-11  1.683404E-19 -1.550964E-23  2.007208E-09  1.465164E-10

%  frequency =  4.641589E+03
  5.00000000E+00  0.00000000E+00  1.00000000E+01 -1.777640E-15 -4.293878E-16 -7.236370E-11  2.826323E-10  1.053678E-15  3.126508E-16  3.869729E-10  5.982736E-11  2.818203E-19  8.685396E-24  1.968076E-09  3.082854E-10

%  frequency =  1.000000E+04
  5.00000000E+00  0.00000000E+00  1.00000000E+01 -2.199927E-15 -1.221326E-15 -3.039622E-10  5.296874E-10  1.230222E-15  7.040175E-16  3.567270E-10  1.167408E-10 -1.599028E-19 -7.031035E-24  1.811526E-09  6.011248E-10

%  frequency =  2.154435E+04
  5.00000000E+00  0.00000000E+00  1.00000000E+01 -6.441896E-16 -8.724535E-16 -1.018225E-09  6.716561E-10  5.564777E-16  1.050041E-15  2.733333E-10  1.820382E-10 -5.555953E-19  1.287300E-23  1.380759E-09  9.350344E-10

%  frequency =  4.641589E+04
  5.00000000E+00  0.00000000E+00  1.00000000E+01 -8.440112E-17 -1.101630E-15 -2.523795E-09  4.407104E-12 -9.636756E-17  1.283901E-15  1.535979E-10  2.105687E-10  1.249668E-19  3.308722E-24  7.658233E-10  1.076578E-09

%  frequency =  1.000000E+05
  5.00000000E+00  0.00000000E+00  1.00000000E+01  5.799907E-16 -1.184803E-15 -5.403016E-09 -3.038094E-09 -7.802169E-16  1.192521E-15  3.523875E-11  2.103287E-10  3.883626E-20 -3.360421E-25  1.620192E-10  1.070525E-09
