1 1 1 2    1.279880E-07
1 1 2 2    5.510972E-08
1 1 3 2    2.369121E-08
1 1 4 2    8.761305E-09
1 1 5 2    2.598606E-09
1 1 6 2    5.145197E-10
1 1 7 2    1.057149E-10
1 1 8 2    2.456567E-11
1 1 9 2    6.070002E-12
1 1 10 2    9.064235E-13
1 2 1 2    5.767976E-19
1 2 2 2    5.779000E-19
1 2 3 2    5.786159E-19
1 2 4 2    5.791397E-19
1 2 5 2    5.794335E-19
1 2 6 2    5.795448E-19
1 2 7 2    5.795374E-19
1 2 8 2    5.794653E-19
1 2 9 2    5.793441E-19
1 2 10 2    5.790778E-19
1 3 1 2   -3.599287E-08
1 3 2 2   -1.093810E-08
1 3 3 2   -3.527463E-09
1 3 4 2   -9.883273E-10
1 3 5 2   -2.198694E-10
1 3 6 2   -2.767594E-11
1 3 7 2   -3.417878E-12
1 3 8 2   -5.508233E-13
1 3 9 2   -1.082470E-13
1 3 10 2   -1.461283E-14
 
2 1 1 2    3.965219E-19
2 1 2 2    3.967531E-19
2 1 3 2    3.966363E-19
2 1 4 2    3.965776E-19
2 1 5 2    3.964895E-19
2 1 6 2    3.964370E-19
2 1 7 2    3.964372E-19
2 1 8 2    3.964665E-19
2 1 9 2    3.964206E-19
2 1 10 2    3.963117E-19
2 2 1 2    1.307311E-07
2 2 2 2    5.560993E-08
2 2 3 2    2.369220E-08
2 2 4 2    8.641835E-09
2 2 5 2    2.507584E-09
2 2 6 2    5.082992E-10
2 2 7 2    1.095766E-10
2 2 8 2    2.616155E-11
2 2 9 2    6.491415E-12
2 2 10 2    9.653852E-13
2 3 1 2    1.620684E-19
2 3 2 2    1.617021E-19
2 3 3 2    1.623492E-19
2 3 4 2    1.628830E-19
2 3 5 2    1.629904E-19
2 3 6 2    1.630385E-19
2 3 7 2    1.630534E-19
2 3 8 2    1.629731E-19
2 3 9 2    1.625442E-19
2 3 10 2    1.617481E-19
 
3 1 1 2    3.601183E-08
3 1 2 2    1.096269E-08
3 1 3 2    3.538148E-09
3 1 4 2    9.864001E-10
3 1 5 2    2.189883E-10
3 1 6 2    2.846092E-11
3 1 7 2    3.358678E-12
3 1 8 2    5.676581E-13
3 1 9 2    1.367431E-13
3 1 10 2    3.499841E-14
3 2 1 2    2.668394E-19
3 2 2 2    2.676295E-19
3 2 3 2    2.681518E-19
3 2 4 2    2.684986E-19
3 2 5 2    2.686774E-19
3 2 6 2    2.687603E-19
3 2 7 2    2.687742E-19
3 2 8 2    2.687399E-19
3 2 9 2    2.685659E-19
3 2 10 2    2.680843E-19
3 3 1 2    2.573068E-07
3 3 2 2    1.098242E-07
3 3 3 2    4.687080E-08
3 3 4 2    1.727028E-08
3 3 5 2    5.184022E-09
3 3 6 2    1.037665E-09
3 3 7 2    2.135241E-10
3 3 8 2    6.550783E-11
3 3 9 2    2.425242E-11
3 3 10 2    8.123648E-12
 
