%           Xr              Yr              Zr                          Ex                          Ey                          Ez                          Hx                          Hy                          Hz

%  frequency =  1.000000E+02
  5.00000000E+00  0.00000000E+00  1.00000000E+01  1.191986E-14  1.318600E-18 -7.104985E-14 -4.646952E-11 -9.767753E-15  1.873018E-17 -6.493612E-15  1.372244E-12 -8.774732E-21  8.685396E-24  5.403207E-15 -1.145069E-12

%  frequency =  2.154435E+02
  5.00000000E+00  0.00000000E+00  1.00000000E+01  1.157491E-14 -2.789265E-17 -3.189721E-13 -1.001181E-10 -9.599066E-15  3.227052E-17 -3.013738E-14  2.956155E-12 -3.267855E-20  2.171349E-24  2.507702E-14 -2.466765E-12

%  frequency =  4.641589E+02
  5.00000000E+00  0.00000000E+00  1.00000000E+01  1.183079E-14 -7.642422E-17 -1.470405E-12 -2.157235E-10 -9.358585E-15  6.488596E-17 -1.398249E-13  6.366286E-12 -1.707756E-19  7.858216E-24  1.163470E-13 -5.312358E-12

%  frequency =  1.000000E+03
  5.00000000E+00  0.00000000E+00  1.00000000E+01  1.177249E-14 -1.680410E-16 -6.803708E-12 -4.650164E-10 -9.059570E-15  1.377632E-16 -6.477109E-13  1.369024E-11  1.709297E-20 -1.292470E-25  5.389550E-13 -1.142393E-11

%  frequency =  2.154435E+03
  5.00000000E+00  0.00000000E+00  1.00000000E+01  1.139853E-14 -3.500069E-16 -3.129615E-11 -1.004361E-09 -9.574969E-15  3.036474E-16 -2.978735E-12  2.924253E-11  4.038492E-20 -1.189072E-24  2.478623E-12 -2.440252E-11

%  frequency =  4.641589E+03
  5.00000000E+00  0.00000000E+00  1.00000000E+01  1.273722E-14 -8.013448E-16 -1.396759E-10 -2.187711E-09 -8.646441E-15  5.825124E-16 -1.326023E-11  6.060698E-11  4.637948E-20 -5.169879E-25  1.103477E-11 -5.058385E-11

%  frequency =  1.000000E+04
  5.00000000E+00  0.00000000E+00  1.00000000E+01  1.946991E-14 -2.162568E-15 -5.517707E-10 -4.905752E-09 -1.061107E-14  1.245607E-15 -5.176939E-11  1.113415E-10  2.260305E-20  4.782138E-25  4.309551E-11 -9.299222E-11

%  frequency =  2.154435E+04
  5.00000000E+00  0.00000000E+00  1.00000000E+01  9.465046E-15 -1.259197E-15 -1.563407E-09 -1.151046E-08 -1.150340E-14  1.573197E-15 -1.396340E-10  1.473856E-10  7.761173E-20 -3.002973E-24  1.163798E-10 -1.233900E-10

%  frequency =  4.641589E+04
  5.00000000E+00  0.00000000E+00  1.00000000E+01  1.133683E-14 -1.249063E-15 -3.014634E-09 -2.685711E-08 -1.330249E-14  1.484374E-15 -2.302262E-10  1.334166E-10  5.843134E-20 -4.974393E-24  1.923700E-10 -1.121794E-10

%  frequency =  1.000000E+05
  5.00000000E+00  0.00000000E+00  1.00000000E+01  1.265085E-14 -1.063570E-15 -5.114540E-09 -6.081897E-08 -1.282215E-14  1.106343E-15 -2.916955E-10  1.058736E-10 -1.783095E-20 -1.585295E-24  2.442896E-10 -8.931132E-11

%  frequency =  1.000000E+02
  5.00000000E+00  0.00000000E+00  1.00000000E+01  5.202225E-14  4.398186E-11  1.004250E-14 -1.923774E-17 -3.054485E-15 -1.919549E-11 -2.439455E-19 -4.102816E-22 -7.194440E-15  1.521905E-12  9.777937E-20 -4.235165E-22

%  frequency =  2.154435E+02
  5.00000000E+00  0.00000000E+00  1.00000000E+01  3.080804E-13  9.475872E-11  9.814366E-15 -2.818931E-17 -2.378622E-14 -4.135566E-11  1.165517E-18  7.610062E-23 -3.338801E-14  3.278561E-12  7.427420E-20 -1.588187E-22

%  frequency =  4.641589E+02
  5.00000000E+00  0.00000000E+00  1.00000000E+01  1.497108E-12  2.041778E-10  9.894935E-15 -5.548041E-17 -1.238138E-13 -8.910027E-11  8.131516E-20  5.955700E-23 -1.549096E-13  7.060613E-12  1.710477E-19 -6.617445E-23

%  frequency =  1.000000E+03
  5.00000000E+00  0.00000000E+00  1.00000000E+01  7.004358E-12  4.401502E-10  9.946548E-15 -1.179295E-16 -5.871320E-13 -1.919828E-10  7.589415E-19  2.481542E-24 -7.175891E-13  1.518338E-11 -4.552802E-20  3.970467E-23

%  frequency =  2.154435E+03
  5.00000000E+00  0.00000000E+00  1.00000000E+01  3.229829E-11  9.508694E-10  9.590843E-15 -2.403128E-16 -2.715195E-12 -4.138327E-10 -9.486769E-19 -2.998530E-23 -3.300119E-12  3.243234E-11  3.272724E-19  6.617445E-24

%  frequency =  4.641589E+03
  5.00000000E+00  0.00000000E+00  1.00000000E+01  1.442236E-10  2.073236E-09  1.117997E-14 -5.988808E-16 -1.213222E-11 -8.936496E-10  1.165517E-18 -7.858216E-24 -1.469136E-11  6.722213E-11  2.577098E-19 -1.178732E-23

%  frequency =  1.000000E+04
  5.00000000E+00  0.00000000E+00  1.00000000E+01  5.698650E-10  4.665339E-09  9.456562E-15 -8.767252E-16 -4.794211E-11 -1.942027E-09 -4.607859E-19  3.515518E-24 -5.736419E-11  1.235265E-10  3.648065E-19 -9.098987E-24

%  frequency =  2.154435E+04
  5.00000000E+00  0.00000000E+00  1.00000000E+01  1.615365E-09  1.102321E-08  6.758831E-15 -5.853675E-16 -1.358919E-10 -4.265756E-09  1.084202E-18 -2.791735E-24 -1.547968E-10  1.636612E-10  2.749681E-19  1.023636E-23

%  frequency =  4.641589E+04
  5.00000000E+00  0.00000000E+00  1.00000000E+01  3.117035E-09  2.587654E-08  8.294733E-15 -8.068480E-16 -2.621650E-10 -9.369312E-09 -1.029992E-18 -4.523644E-25 -2.554691E-10  1.483836E-10  3.177962E-19  2.067952E-25

%  frequency =  1.000000E+05
  5.00000000E+00  0.00000000E+00  1.00000000E+01  5.290890E-09  5.880916E-08  3.440586E-15 -1.620404E-16 -4.447597E-10 -2.044301E-08 -9.215718E-19  3.166551E-24 -3.239482E-10  1.178819E-10  1.809209E-19 -2.972680E-24

%  frequency =  1.000000E+02
  5.00000000E+00  0.00000000E+00  1.00000000E+01  9.526351E-16 -6.331867E-18 -2.997848E-14 -3.864838E-12 -9.451886E-16  6.865202E-18 -5.399923E-15  1.144627E-12  1.952602E-19 -1.323489E-22 -2.793783E-14  5.884348E-12

%  frequency =  2.154435E+02
  5.00000000E+00  0.00000000E+00  1.00000000E+01  8.955699E-16 -1.578967E-17 -1.384088E-13 -8.327655E-12 -8.658781E-16  1.406051E-17 -2.506773E-14  2.465811E-12 -2.137115E-19  2.448455E-22 -1.296631E-13  1.267634E-11

%  frequency =  4.641589E+02
  5.00000000E+00  0.00000000E+00  1.00000000E+01  9.225344E-16 -3.587461E-17 -6.414936E-13 -1.795248E-11 -9.300772E-16  2.927265E-17 -1.163019E-13  5.310305E-12  3.370813E-19  0.000000E+00 -6.015789E-13  2.729933E-11

%  frequency =  1.000000E+03
  5.00000000E+00  0.00000000E+00  1.00000000E+01  9.064191E-16 -7.635235E-17 -2.971471E-12 -3.878811E-11 -9.229919E-16  6.177525E-17 -5.387480E-13  1.141951E-11  4.513479E-20 -1.571643E-23 -2.786683E-12  5.870470E-11

%  frequency =  2.154435E+03
  5.00000000E+00  0.00000000E+00  1.00000000E+01  9.233768E-16 -1.577493E-16 -1.367280E-11 -8.466064E-11 -9.578689E-16  1.368332E-16 -2.477675E-12  2.439309E-11 -2.044298E-19  4.487455E-23 -1.281531E-11  1.253888E-10

%  frequency =  4.641589E+03
  5.00000000E+00  0.00000000E+00  1.00000000E+01  1.070084E-15 -3.617311E-16 -6.103770E-11 -1.927919E-10 -9.514659E-16  2.653801E-16 -1.103055E-11  5.056429E-11  6.779100E-20  0.000000E+00 -5.704351E-11  2.598264E-10

%  frequency =  1.000000E+04
  5.00000000E+00  0.00000000E+00  1.00000000E+01  1.947351E-15 -9.678082E-16 -2.413485E-10 -4.991958E-10 -1.173328E-15  5.592307E-16 -4.307900E-11  9.295617E-11  1.111712E-19  1.613002E-23 -2.226104E-10  4.769352E-10

%  frequency =  2.154435E+04
  5.00000000E+00  0.00000000E+00  1.00000000E+01  1.194005E-15 -5.863077E-16 -6.860294E-10 -1.486530E-09 -1.678642E-15  7.078000E-16 -1.163351E-10  1.233417E-10 -6.334894E-19  1.075335E-23 -5.995216E-10  6.295622E-10

%  frequency =  4.641589E+04
  5.00000000E+00  0.00000000E+00  1.00000000E+01  1.715610E-15 -5.787943E-16 -1.330331E-09 -4.108447E-09 -2.220773E-15  6.714753E-16 -1.922952E-10  1.121348E-10 -2.558704E-19  1.395867E-24 -9.854832E-10  5.671987E-10

%  frequency =  1.000000E+05
  5.00000000E+00  0.00000000E+00  1.00000000E+01  2.123706E-15 -4.960028E-16 -2.265935E-09 -1.016415E-08 -2.340509E-15  5.018683E-16 -2.441939E-10  8.927549E-11 -6.400547E-19 -3.050229E-24 -1.245493E-09  4.488364E-10
