1 1 1 1   -1.943194E-08
1 1 2 1   -2.809597E-09
1 1 3 1   -4.359297E-10
1 1 4 1   -1.012025E-10
1 1 5 1   -3.288354E-11
1 1 6 1   -9.880260E-12
1 1 7 1   -2.271813E-12
1 1 8 1   -3.586196E-13
1 1 9 1   -4.452642E-14
1 1 10 1   -2.297325E-15
1 2 1 1    1.949836E-22
1 2 2 1    5.039726E-24
1 2 3 1    4.133736E-24
1 2 4 1   -2.229510E-24
1 2 5 1   -5.223022E-25
1 2 6 1    7.014637E-26
1 2 7 1   -2.197199E-26
1 2 8 1   -5.180509E-26
1 2 9 1    6.112787E-26
1 2 10 1    7.095659E-26
1 3 1 1    8.029934E-09
1 3 2 1    7.793773E-10
1 3 3 1    9.507040E-11
1 3 4 1    1.940259E-11
1 3 5 1    5.248170E-12
1 3 6 1    1.195121E-12
1 3 7 1    1.926887E-13
1 3 8 1    1.871129E-14
1 3 9 1    1.612694E-15
1 3 10 1    5.826047E-17
 
2 1 1 1   -3.877409E-22
2 1 2 1   -2.624652E-23
2 1 3 1   -1.006915E-23
2 1 4 1   -3.366884E-24
2 1 5 1   -1.120763E-24
2 1 6 1   -2.751338E-25
2 1 7 1   -1.395867E-25
2 1 8 1   -9.291048E-26
2 1 9 1   -1.026924E-25
2 1 10 1   -8.711246E-26
2 2 1 1   -2.025060E-08
2 2 2 1   -2.863663E-09
2 2 3 1   -4.408681E-10
2 2 4 1   -1.026629E-10
2 2 5 1   -3.331372E-11
2 2 6 1   -9.871710E-12
2 2 7 1   -2.262083E-12
2 2 8 1   -3.606247E-13
2 2 9 1   -4.214360E-14
2 2 10 1   -1.946990E-15
2 3 1 1    8.696770E-22
2 3 2 1    1.080436E-22
2 3 3 1    1.657877E-23
2 3 4 1    4.634312E-24
2 3 5 1    6.796346E-25
2 3 6 1   -4.014500E-26
2 3 7 1    1.691116E-25
2 3 8 1    2.479765E-27
2 3 9 1    4.005452E-27
2 3 10 1    2.857974E-26
 
3 1 1 1   -8.024636E-09
3 1 2 1   -7.798409E-10
3 1 3 1   -9.534698E-11
3 1 4 1   -1.950447E-11
3 1 5 1   -5.262667E-12
3 1 6 1   -1.193078E-12
3 1 7 1   -1.912822E-13
3 1 8 1   -1.771546E-14
3 1 9 1   -1.438322E-15
3 1 10 1   -1.047409E-16
3 2 1 1   -1.335574E-22
3 2 2 1   -2.552412E-23
3 2 3 1   -4.813762E-24
3 2 4 1   -1.182610E-24
3 2 5 1   -3.959210E-25
3 2 6 1   -1.664203E-25
3 2 7 1   -8.271806E-26
3 2 8 1   -9.047288E-26
3 2 9 1   -1.170274E-25
3 2 10 1   -6.229704E-26
3 3 1 1   -3.960278E-08
3 3 2 1   -5.651626E-09
3 3 3 1   -8.712445E-10
3 3 4 1   -2.004138E-10
3 3 5 1   -6.440150E-11
3 3 6 1   -1.927175E-11
3 3 7 1   -4.362739E-12
3 3 8 1   -6.418756E-13
3 3 9 1   -9.181538E-14
3 3 10 1   -9.999902E-15
 
