1 1 1 1   -2.275756E-11
1 1 2 1   -1.139924E-11
1 1 3 1   -5.291593E-12
1 1 4 1   -2.220901E-12
1 1 5 1   -8.532629E-13
1 1 6 1   -2.796085E-13
1 1 7 1   -7.080901E-14
1 1 8 1   -6.518293E-15
1 1 9 1   -8.698849E-17
1 1 10 1   -9.644265E-21
1 2 1 1    2.210325E-25
1 2 2 1    1.160020E-25
1 2 3 1    3.913513E-26
1 2 4 1    6.179621E-26
1 2 5 1    6.693698E-26
1 2 6 1    5.675028E-26
1 2 7 1    6.866245E-28
1 2 8 1    5.835258E-27
1 2 9 1   -5.681912E-26
1 2 10 1   -5.500266E-26
1 3 1 1    1.911964E-11
1 3 2 1    9.638355E-12
1 3 3 1    4.462907E-12
1 3 4 1    1.864995E-12
1 3 5 1    7.141666E-13
1 3 6 1    2.333959E-13
1 3 7 1    5.894129E-14
1 3 8 1    5.415677E-15
1 3 9 1    7.224771E-17
1 3 10 1    8.008994E-21
 
2 1 1 1    4.733670E-25
2 1 2 1    1.936743E-25
2 1 3 1    3.603121E-26
2 1 4 1    0.000000E+00
2 1 5 1    4.466388E-26
2 1 6 1    8.932646E-26
2 1 7 1   -5.169879E-26
2 1 8 1   -7.499685E-26
2 1 9 1    1.780041E-26
2 1 10 1   -3.618915E-27
2 2 1 1   -2.545930E-11
2 2 2 1   -1.275233E-11
2 2 3 1   -5.915085E-12
2 2 4 1   -2.480451E-12
2 2 5 1   -9.523365E-13
2 2 6 1   -3.118696E-13
2 2 7 1   -7.891990E-14
2 2 8 1   -7.260765E-15
2 2 9 1   -9.688520E-17
2 2 10 1   -1.074109E-20
2 3 1 1   -6.333102E-25
2 3 2 1    8.993237E-26
2 3 3 1    2.321689E-26
2 3 4 1   -7.108583E-26
2 3 5 1   -1.464239E-26
2 3 6 1   -1.001367E-25
2 3 7 1    2.197199E-26
2 3 8 1   -6.037126E-27
2 3 9 1   -8.941512E-26
2 3 10 1   -2.740036E-26
 
3 1 1 1   -1.911964E-11
3 1 2 1   -9.638355E-12
3 1 3 1   -4.462907E-12
3 1 4 1   -1.864995E-12
3 1 5 1   -7.141666E-13
3 1 6 1   -2.333959E-13
3 1 7 1   -5.894129E-14
3 1 8 1   -5.415677E-15
3 1 9 1   -7.224771E-17
3 1 10 1   -8.009037E-21
3 2 1 1    1.085675E-24
3 2 2 1    3.869561E-25
3 2 3 1    1.809458E-25
3 2 4 1    1.033976E-25
3 2 5 1    7.983844E-26
3 2 6 1    1.184962E-25
3 2 7 1    3.618915E-26
3 2 8 1    1.609900E-26
3 2 9 1   -2.584939E-26
3 2 10 1   -7.961613E-26
3 3 1 1   -9.608476E-11
3 3 2 1   -4.890237E-11
3 3 3 1   -2.275065E-11
3 3 4 1   -9.535572E-12
3 3 5 1   -3.660846E-12
3 3 6 1   -1.200270E-12
3 3 7 1   -3.043532E-13
3 3 8 1   -2.806479E-14
3 3 9 1   -3.747015E-16
3 3 10 1   -4.153891E-20
 
