1 1 1 2    7.275242E-10
1 1 2 2    5.851025E-10
1 1 3 2    4.396538E-10
1 1 4 2    2.987120E-10
1 1 5 2    1.780836E-10
1 1 6 2    8.408035E-11
1 1 7 2    2.554974E-11
1 1 8 2    2.449874E-12
1 1 9 2    3.275081E-14
1 1 10 2    4.144097E-18
1 2 1 2   -1.410134E-21
1 2 2 2   -1.408541E-21
1 2 3 2   -1.409451E-21
1 2 4 2   -1.408747E-21
1 2 5 2   -1.407286E-21
1 2 6 2   -1.402034E-21
1 2 7 2   -1.368923E-21
1 2 8 2   -1.293500E-21
1 2 9 2   -1.216815E-21
1 2 10 2   -1.088958E-21
1 3 1 2   -6.113575E-10
1 3 2 2   -4.911849E-10
1 3 3 2   -3.683239E-10
1 3 4 2   -2.497253E-10
1 3 5 2   -1.486105E-10
1 3 6 2   -7.003557E-11
1 3 7 2   -2.124591E-11
1 3 8 2   -2.035114E-12
1 3 9 2   -2.720059E-14
1 3 10 2   -3.659808E-18
 
2 1 1 2    4.359802E-19
2 1 2 2    4.359830E-19
2 1 3 2    4.359832E-19
2 1 4 2    4.359834E-19
2 1 5 2    4.359817E-19
2 1 6 2    4.359762E-19
2 1 7 2    4.359680E-19
2 1 8 2    4.359705E-19
2 1 9 2    4.360125E-19
2 1 10 2    4.361686E-19
2 2 1 2    8.127570E-10
2 2 2 2    6.534152E-10
2 2 3 2    4.907666E-10
2 2 4 2    3.332900E-10
2 2 5 2    1.986130E-10
2 2 6 2    9.372791E-11
2 2 7 2    2.846762E-11
2 2 8 2    2.728770E-12
2 2 9 2    3.647580E-14
2 2 10 2    3.740047E-18
2 3 1 2   -4.963244E-19
2 3 2 2   -4.963252E-19
2 3 3 2   -4.963229E-19
2 3 4 2   -4.963246E-19
2 3 5 2   -4.963205E-19
2 3 6 2   -4.963054E-19
2 3 7 2   -4.962809E-19
2 3 8 2   -4.962040E-19
2 3 9 2   -4.961739E-19
2 3 10 2   -4.962707E-19
 
3 1 1 2    6.113575E-10
3 1 2 2    4.911849E-10
3 1 3 2    3.683239E-10
3 1 4 2    2.497253E-10
3 1 5 2    1.486105E-10
3 1 6 2    7.003557E-11
3 1 7 2    2.124591E-11
3 1 8 2    2.035113E-12
3 1 9 2    2.719969E-14
3 1 10 2    2.763635E-18
3 2 1 2    9.057968E-20
3 2 2 2    9.057715E-20
3 2 3 2    9.057454E-20
3 2 4 2    9.057083E-20
3 2 5 2    9.056774E-20
3 2 6 2    9.056238E-20
3 2 7 2    9.062298E-20
3 2 8 2    9.074989E-20
3 2 9 2    9.073695E-20
3 2 10 2    9.061136E-20
3 3 1 2    3.120347E-09
3 3 2 2    2.513071E-09
3 3 3 2    1.887919E-09
3 3 4 2    1.282365E-09
3 3 5 2    7.646928E-10
3 3 6 2    3.613038E-10
3 3 7 2    1.099125E-10
3 3 8 2    1.055034E-11
3 3 9 2    1.410715E-13
3 3 10 2    1.514403E-17
 
