
1 5 1
-5.000000e+00 -5.000000e-01 9.500000e+00
-5.000000e+00 5.000000e-01 9.500000e+00
-5.000000e+00 5.000000e-01 1.050000e+01
-5.000000e+00 -5.000000e-01 1.050000e+01
-5.000000e+00 -5.000000e-01 9.500000e+00


2 5 1
-5.500000e+00 0.000000e+00 9.500000e+00
-5.500000e+00 0.000000e+00 1.050000e+01
-4.500000e+00 0.000000e+00 1.050000e+01
-4.500000e+00 0.000000e+00 9.500000e+00
-5.500000e+00 0.000000e+00 9.500000e+00


3 5 1
-5.500000e+00 -5.000000e-01 1.000000e+01
-4.500000e+00 -5.000000e-01 1.000000e+01
-4.500000e+00 5.000000e-01 1.000000e+01
-5.500000e+00 5.000000e-01 1.000000e+01
-5.500000e+00 -5.000000e-01 1.000000e+01
