1 1 1 2    3.824626E-10
1 1 2 2    3.553952E-10
1 1 3 2    3.208458E-10
1 1 4 2    2.754713E-10
1 1 5 2    2.176743E-10
1 1 6 2    1.471644E-10
1 1 7 2    7.364159E-11
1 1 8 2    1.827683E-11
1 1 9 2    1.230290E-12
1 1 10 2    3.976590E-15
1 2 1 2   -1.301993E-19
1 2 2 2   -1.301991E-19
1 2 3 2   -1.301992E-19
1 2 4 2   -1.301988E-19
1 2 5 2   -1.301921E-19
1 2 6 2   -1.301759E-19
1 2 7 2   -1.301658E-19
1 2 8 2   -1.301476E-19
1 2 9 2   -1.301906E-19
1 2 10 2   -1.303063E-19
1 3 1 2   -3.212491E-10
1 3 2 2   -2.982654E-10
1 3 3 2   -2.690088E-10
1 3 4 2   -2.306739E-10
1 3 5 2   -1.819782E-10
1 3 6 2   -1.227606E-10
1 3 7 2   -6.127486E-11
1 3 8 2   -1.517608E-11
1 3 9 2   -1.020890E-12
1 3 10 2   -3.297590E-15
 
2 1 1 2   -5.159627E-19
2 1 2 2   -5.159628E-19
2 1 3 2   -5.159622E-19
2 1 4 2   -5.159617E-19
2 1 5 2   -5.159599E-19
2 1 6 2   -5.159546E-19
2 1 7 2   -5.159495E-19
2 1 8 2   -5.159444E-19
2 1 9 2   -5.160482E-19
2 1 10 2   -5.162156E-19
2 2 1 2    4.275949E-10
2 2 2 2    3.972468E-10
2 2 3 2    3.585300E-10
2 2 4 2    3.077096E-10
2 2 5 2    2.430228E-10
2 2 6 2    1.641840E-10
2 2 7 2    8.208957E-11
2 2 8 2    2.035931E-11
2 2 9 2    1.370168E-12
2 2 10 2    4.427235E-15
2 3 1 2   -5.798354E-21
2 3 2 2   -5.798680E-21
2 3 3 2   -5.801077E-21
2 3 4 2   -5.805980E-21
2 3 5 2   -5.806410E-21
2 3 6 2   -5.807083E-21
2 3 7 2   -5.770374E-21
2 3 8 2   -5.718715E-21
2 3 9 2   -5.850018E-21
2 3 10 2   -6.190856E-21
 
3 1 1 2    3.212491E-10
3 1 2 2    2.982654E-10
3 1 3 2    2.690088E-10
3 1 4 2    2.306739E-10
3 1 5 2    1.819782E-10
3 1 6 2    1.227606E-10
3 1 7 2    6.127486E-11
3 1 8 2    1.517608E-11
3 1 9 2    1.020890E-12
3 1 10 2    3.297607E-15
3 2 1 2   -2.133327E-19
3 2 2 2   -2.133318E-19
3 2 3 2   -2.133296E-19
3 2 4 2   -2.133260E-19
3 2 5 2   -2.133174E-19
3 2 6 2   -2.133005E-19
3 2 7 2   -2.133095E-19
3 2 8 2   -2.133277E-19
3 2 9 2   -2.134944E-19
3 2 10 2   -2.139256E-19
3 3 1 2    1.625110E-09
3 3 2 2    1.510565E-09
3 3 3 2    1.364540E-09
3 3 4 2    1.172747E-09
3 3 5 2    9.281955E-10
3 3 6 2    6.290617E-10
3 3 7 2    3.157238E-10
3 3 8 2    7.856267E-11
3 3 9 2    5.292640E-12
3 3 10 2    1.710042E-14
 
