1 1 1 1   -1.984871E-08
1 1 2 1   -3.634617E-09
1 1 3 1   -8.057101E-10
1 1 4 1   -1.608695E-10
1 1 5 1   -2.967212E-11
1 1 6 1   -3.270815E-12
1 1 7 1   -2.852099E-13
1 1 8 1   -2.727027E-14
1 1 9 1   -3.577641E-15
1 1 10 1   -3.644674E-16
1 2 1 1   -9.233888E-23
1 2 2 1    1.029009E-23
1 2 3 1    2.097835E-23
1 2 4 1    1.723831E-24
1 2 5 1   -5.337530E-25
1 2 6 1   -7.177262E-26
1 2 7 1   -1.583275E-26
1 2 8 1   -3.819313E-26
1 2 9 1   -2.135522E-26
1 2 10 1   -2.449230E-26
1 3 1 1    8.195286E-09
1 3 2 1    1.006802E-09
1 3 3 1    1.594141E-10
1 3 4 1    2.282327E-11
1 3 5 1    3.150595E-12
1 3 6 1    2.348001E-13
1 3 7 1    1.219904E-14
1 3 8 1    7.478491E-16
1 3 9 1    7.157862E-17
1 3 10 1    5.979399E-18
 
2 1 1 1    2.710050E-22
2 1 2 1    5.080037E-25
2 1 3 1    2.613535E-23
2 1 4 1    6.591596E-24
2 1 5 1   -9.766806E-26
2 1 6 1   -4.179382E-25
2 1 7 1   -1.473415E-25
2 1 8 1   -1.002233E-25
2 1 9 1    3.143028E-26
2 1 10 1    2.636638E-26
2 2 1 1   -2.068939E-08
2 2 2 1   -3.712176E-09
2 2 3 1   -8.143414E-10
2 2 4 1   -1.617764E-10
2 2 5 1   -2.893967E-11
2 2 6 1   -3.120143E-12
2 2 7 1   -2.880902E-13
2 2 8 1   -2.869960E-14
2 2 9 1   -3.831949E-15
2 2 10 1   -3.889338E-16
2 3 1 1    2.193580E-22
2 3 2 1    9.203717E-23
2 3 3 1    1.961836E-24
2 3 4 1   -1.163223E-25
2 3 5 1   -4.958793E-25
2 3 6 1    4.403057E-26
2 3 7 1    1.421717E-25
2 3 8 1    4.852448E-26
2 3 9 1    8.277648E-26
2 3 10 1    1.680211E-25
 
3 1 1 1   -8.189814E-09
3 1 2 1   -1.007516E-09
3 1 3 1   -1.600202E-10
3 1 4 1   -2.291418E-11
3 1 5 1   -3.119945E-12
3 1 6 1   -2.380353E-13
3 1 7 1   -1.253846E-14
3 1 8 1   -6.965047E-16
3 1 9 1   -7.367183E-17
3 1 10 1   -7.924134E-18
3 2 1 1   -3.868265E-22
3 2 2 1   -8.560905E-23
3 2 3 1   -2.576955E-23
3 2 4 1   -7.835598E-24
3 2 5 1   -1.924267E-24
3 2 6 1   -4.097859E-25
3 2 7 1    3.295798E-26
3 2 8 1    3.167391E-26
3 2 9 1    4.147639E-26
3 2 10 1    2.313521E-26
3 3 1 1   -4.044631E-08
3 3 2 1   -7.313501E-09
3 3 3 1   -1.606235E-09
3 3 4 1   -3.167180E-10
3 3 5 1   -5.822239E-11
3 3 6 1   -6.684115E-12
3 3 7 1   -5.362259E-13
3 3 8 1   -5.334503E-14
3 3 9 1   -9.326699E-15
3 3 10 1   -1.642933E-15
 
