%           Xr              Yr              Zr                          Ex                          Ey                          Ez                          Hx                          Hy                          Hz

%  frequency =  1.000000E+02
  1.00000000E+01  0.00000000E+00  5.00000000E+00 -1.632215E-11  9.127991E-14 -1.096099E-09 -1.727834E-07 -1.632527E-11 -6.125190E-14 -4.692765E-06  3.705399E-08  2.310932E-19  1.548482E-21 -1.404619E-05 -4.107767E-08

%  frequency =  2.154435E+02
  1.00000000E+01  0.00000000E+00  5.00000000E+00 -1.646139E-11  2.017242E-13 -3.943661E-09 -3.728585E-07 -1.454448E-11  5.890453E-14 -4.699060E-06  7.262853E-08  1.998427E-19  2.527864E-21 -1.404458E-05 -8.745679E-08

%  frequency =  4.641589E+02
  1.00000000E+01  0.00000000E+00  5.00000000E+00 -1.834605E-11  4.776880E-13 -1.560392E-08 -8.058121E-07 -1.202507E-11  1.467142E-13 -4.713321E-06  1.457643E-07  3.064653E-19  6.324209E-21 -1.403972E-05 -1.863741E-07

%  frequency =  1.000000E+03
  1.00000000E+01  0.00000000E+00  5.00000000E+00 -1.990516E-11  9.516417E-13 -6.144690E-08 -1.749828E-06 -1.296344E-11  3.717284E-13 -4.755772E-06  2.899927E-07  2.919803E-20  2.488986E-21 -1.402209E-05 -3.957455E-07

%  frequency =  2.154435E+03
  1.00000000E+01  0.00000000E+00  5.00000000E+00 -2.516279E-11  1.629215E-12 -2.224451E-07 -3.838543E-06 -1.409345E-11  6.189925E-13 -4.878941E-06  5.449118E-07  3.229842E-19  1.774333E-20 -1.395829E-05 -8.280236E-07

%  frequency =  4.641589E+03
  1.00000000E+01  0.00000000E+00  5.00000000E+00 -2.818938E-11  2.469373E-12 -7.205509E-07 -8.540359E-06 -1.126334E-11  8.948792E-13 -5.176813E-06  9.257671E-07 -2.765347E-20  1.849426E-20 -1.375103E-05 -1.679385E-06

%  frequency =  1.000000E+04
  1.00000000E+01  0.00000000E+00  5.00000000E+00 -2.465422E-11  3.324238E-12 -2.120450E-06 -1.932434E-05 -2.551455E-11  2.387057E-12 -5.785814E-06  1.376904E-06  1.744962E-19  2.571428E-20 -1.315402E-05 -3.244822E-06

%  frequency =  2.154435E+04
  1.00000000E+01  0.00000000E+00  5.00000000E+00 -2.678468E-11  3.903890E-12 -5.523812E-06 -4.449148E-05 -1.584070E-11  1.691593E-12 -6.836905E-06  1.645868E-06  1.037736E-19  6.024733E-20 -1.162932E-05 -5.821828E-06

%  frequency =  4.641589E+04
  1.00000000E+01  0.00000000E+00  5.00000000E+00 -3.481888E-11  4.304500E-12 -1.215924E-05 -1.032650E-04 -5.263801E-12  6.171811E-13 -8.195723E-06  1.213010E-06 -2.225550E-19 -8.789424E-21 -8.312119E-06 -9.374727E-06

%  frequency =  1.000000E+05
  1.00000000E+01  0.00000000E+00  5.00000000E+00 -1.722390E-11  2.335277E-12 -2.125187E-05 -2.375149E-04 -9.745851E-12  7.214723E-13 -9.152037E-06 -4.091884E-07  3.229809E-19  2.711820E-20 -2.415724E-06 -1.308753E-05

%  frequency =  1.000000E+02
  1.00000000E+01  0.00000000E+00  5.00000000E+00  1.034377E-09 -2.318138E-08 -3.012482E-10 -1.984602E-13  2.020023E-10 -2.217937E-07 -1.219727E-18 -1.270549E-21  9.399015E-06  5.396830E-08  5.709002E-19 -1.376429E-21

%  frequency =  2.154435E+02
  1.00000000E+01  0.00000000E+00  5.00000000E+00  4.203790E-09 -4.934076E-08 -2.925022E-10 -2.798834E-13  2.164521E-10 -4.778359E-07  2.168404E-19  2.117582E-22  9.392515E-06  1.089031E-07  1.744253E-18 -3.970467E-21

%  frequency =  4.641589E+02
  1.00000000E+01  0.00000000E+00  5.00000000E+00  1.725647E-08 -1.037472E-07 -2.754618E-10 -4.699363E-13  3.221624E-10 -1.029456E-06 -4.065758E-19  1.905824E-21  9.377681E-06  2.237049E-07  1.049262E-18 -4.182225E-21

%  frequency =  1.000000E+03
  1.00000000E+01  0.00000000E+00  5.00000000E+00  6.959380E-08 -2.095224E-07 -3.580505E-10 -8.072333E-13  6.194834E-10 -2.217856E-06 -1.870249E-18  3.255783E-21  9.332792E-06  4.576984E-07  7.482477E-19  0.000000E+00

%  frequency =  2.154435E+03
  1.00000000E+01  0.00000000E+00  5.00000000E+00  2.606939E-07 -3.809722E-07 -3.613321E-10 -1.290597E-12  2.000582E-09 -4.778022E-06 -4.878910E-19 -4.814191E-21  9.198398E-06  9.045603E-07  2.571804E-19  6.796116E-21

%  frequency =  4.641589E+03
  1.00000000E+01  0.00000000E+00  5.00000000E+00  8.932197E-07 -5.336951E-07 -3.545500E-10 -2.065595E-12  7.689437E-09 -1.029286E-05 -1.192622E-18 -5.178151E-22  8.855270E-06  1.688119E-06  1.111519E-18 -4.401593E-20

%  frequency =  1.000000E+04
  1.00000000E+01  0.00000000E+00  5.00000000E+00  2.861970E-06 -1.107817E-07 -3.496542E-10 -2.041417E-12  3.041161E-08 -2.217002E-05 -8.944668E-19 -9.814498E-21  8.082485E-06  2.955617E-06  6.660855E-19  1.488925E-23

%  frequency =  2.154435E+04
  1.00000000E+01  0.00000000E+00  5.00000000E+00  8.498874E-06  3.297572E-06 -3.426725E-10 -4.922905E-12  1.185262E-07 -4.773839E-05 -1.165517E-18  1.826828E-21  6.501936E-06  4.769425E-06  5.102315E-19 -3.387966E-20

%  frequency =  4.641589E+04
  1.00000000E+01  0.00000000E+00  5.00000000E+00  2.298700E-05  1.790581E-05 -2.276420E-10 -4.512640E-12  4.393285E-07 -1.027270E-04 -9.757820E-19  3.017203E-20  3.683724E-06  6.920935E-06  1.036451E-18  4.066130E-20

%  frequency =  1.000000E+05
  1.00000000E+01  0.00000000E+00  5.00000000E+00  5.605990E-05  6.761095E-05 -2.640690E-10 -4.944557E-12  1.483811E-06 -2.207865E-04 -1.246832E-18  2.910642E-21 -5.743692E-07  8.850091E-06  7.526947E-19 -8.131403E-20

%  frequency =  1.000000E+02
  1.00000000E+01  0.00000000E+00  5.00000000E+00  1.981319E-10  1.251534E-13 -2.369397E-10  7.391692E-08  3.352402E-11  6.660122E-13  1.404598E-05  4.102399E-08  1.397907E-18  1.376429E-21  4.655235E-06  9.016282E-08

%  frequency =  2.154435E+02
  1.00000000E+01  0.00000000E+00  5.00000000E+00  2.013415E-10  1.282844E-13 -1.651327E-09  1.591412E-07  3.362455E-11  3.563183E-13  1.404438E-05  8.734566E-08  9.853632E-19  2.091113E-21  4.642644E-06  1.799121E-07

%  frequency =  4.641589E+02
  1.00000000E+01  0.00000000E+00  5.00000000E+00  1.993025E-10  2.608934E-13 -7.983868E-09  3.423140E-07 -9.992000E-12  2.106801E-13  1.403952E-05  1.861438E-07  9.319417E-19 -5.293956E-22  4.613721E-06  3.663322E-07

%  frequency =  1.000000E+03
  1.00000000E+01  0.00000000E+00  5.00000000E+00  2.524892E-10  5.506885E-13 -3.560865E-08  7.339313E-07  4.046373E-11  3.168156E-13  1.402192E-05  3.952674E-07  7.753914E-19  2.428602E-21  4.526729E-06  7.411567E-07

%  frequency =  2.154435E+03
  1.00000000E+01  0.00000000E+00  5.00000000E+00  2.548317E-10  1.083958E-12 -1.521589E-07  1.558372E-06  3.493471E-11  5.078119E-13  1.395814E-05  8.270209E-07  1.283222E-18 -7.600135E-21  4.270541E-06  1.436132E-06

%  frequency =  4.641589E+03
  1.00000000E+01  0.00000000E+00  5.00000000E+00  2.542353E-10  1.986381E-12 -6.116091E-07  3.232118E-06  3.540473E-11  8.833719E-13  1.375099E-05  1.677273E-06  1.326955E-18  1.703992E-21  3.632725E-06  2.587759E-06

%  frequency =  1.000000E+04
  1.00000000E+01  0.00000000E+00  5.00000000E+00  2.438193E-10  3.398005E-12 -2.302853E-06  6.356461E-06  7.256134E-11  2.810496E-12  1.315432E-05  3.240350E-06  7.595257E-19 -1.375229E-20  2.258708E-06  4.281357E-06

%  frequency =  2.154435E+04
  1.00000000E+01  0.00000000E+00  5.00000000E+00  2.350619E-10  5.162764E-12 -7.982787E-06  1.103177E-05  4.837993E-11  2.824462E-12  1.163112E-05  5.812650E-06  1.420222E-18  4.925157E-20 -3.500000E-07  6.320323E-06

%  frequency =  4.641589E+04
  1.00000000E+01  0.00000000E+00  5.00000000E+00  2.579583E-10  8.448991E-12 -2.487300E-05  1.358458E-05  2.472366E-11  1.802372E-12  8.318813E-06  9.357681E-06  1.203222E-18 -4.244646E-20 -4.474973E-06  7.975791E-06

%  frequency =  1.000000E+05
  1.00000000E+01  0.00000000E+00  5.00000000E+00  1.870744E-10  6.216874E-12 -6.824819E-05 -3.704937E-06  6.827461E-12  3.385027E-12  2.434836E-06  1.306129E-05  3.119274E-19  8.875105E-21 -9.585505E-06  8.210567E-06
